1 1 -0.000000
2 1 -0.000002
3 1 -0.000007
4 1 -0.000012
5 1 -0.000019
6 1 -0.000027
7 1 -0.000034
8 1 -0.000041
9 1 -0.000049
10 1 -0.000055
11 1 -0.000061
12 1 -0.000067
13 1 -0.000072
14 1 -0.000077
15 1 -0.000081
16 1 -0.000084
17 1 -0.000087
18 1 -0.000090
19 1 -0.000092
20 1 -0.000093
21 1 -0.000094
22 1 -0.000095
23 1 -0.000095
24 1 -0.000095
25 1 -0.000094
26 1 -0.000093
27 1 -0.000092
28 1 -0.000090
29 1 -0.000088
30 1 -0.000085
31 1 -0.000083
32 1 -0.000079
33 1 -0.000076
34 1 -0.000072
35 1 -0.000068
36 1 -0.000063
37 1 -0.000059
38 1 -0.000054
39 1 -0.000048
40 1 -0.000043
41 1 -0.000037
42 1 -0.000031
43 1 -0.000026
44 1 -0.000020
45 1 -0.000015
46 1 -0.000010
47 1 -0.000006
48 1 -0.000003
49 1 -0.000001
50 1 0.000000
1 2 -0.000002
2 2 -0.000008
3 2 -0.000018
4 2 -0.000033
5 2 -0.000050
6 2 -0.000068
7 2 -0.000087
8 2 -0.000106
9 2 -0.000125
10 2 -0.000143
11 2 -0.000159
12 2 -0.000175
13 2 -0.000189
14 2 -0.000201
15 2 -0.000212
16 2 -0.000222
17 2 -0.000231
18 2 -0.000238
19 2 -0.000243
20 2 -0.000248
21 2 -0.000251
22 2 -0.000253
23 2 -0.000254
24 2 -0.000253
25 2 -0.000252
26 2 -0.000250
27 2 -0.000246
28 2 -0.000241
29 2 -0.000236
30 2 -0.000229
31 2 -0.000222
32 2 -0.000213
33 2 -0.000204
34 2 -0.000193
35 2 -0.000182
36 2 -0.000170
37 2 -0.000157
38 2 -0.000144
39 2 -0.000129
40 2 -0.000115
41 2 -0.000100
42 2 -0.000084
43 2 -0.000069
44 2 -0.000055
45 2 -0.000041
46 2 -0.000029
47 2 -0.000018
48 2 -0.000009
49 2 -0.000003
50 2 -0.000001
1 3 -0.000003
2 3 -0.000012
3 3 -0.000028
4 3 -0.000049
5 3 -0.000073
6 3 -0.000100
7 3 -0.000128
8 3 -0.000156
9 3 -0.000184
10 3 -0.000210
11 3 -0.000235
12 3 -0.000259
13 3 -0.000280
14 3 -0.000300
15 3 -0.000317
16 3 -0.000333
17 3 -0.000346
18 3 -0.000358
19 3 -0.000367
20 3 -0.000374
21 3 -0.000379
22 3 -0.000383
23 3 -0.000384
24 3 -0.000384
25 3 -0.000383
26 3 -0.000379
27 3 -0.000374
28 3 -0.000367
29 3 -0.000359
30 3 -0.000349
31 3 -0.000337
32 3 -0.000324
33 3 -0.000310
34 3 -0.000294
35 3 -0.000277
36 3 -0.000258
37 3 -0.000239
38 3 -0.000218
39 3 -0.000197
40 3 -0.000174
41 3 -0.000152
42 3 -0.000129
43 3 -0.000106
44 3 -0.000085
45 3 -0.000064
46 3 -0.000045
47 3 -0.000029
48 3 -0.000016
49 3 -0.000006
50 3 -0.000001
1 4 -0.000003
2 4 -0.000015
3 4 -0.000034
4 4 -0.000060
5 4 -0.000091
6 4 -0.000124
7 4 -0.000158
8 4 -0.000193
9 4 -0.000228
10 4 -0.000261
11 4 -0.000293
12 4 -0.000323
13 4 -0.000351
14 4 -0.000376
15 4 -0.000399
16 4 -0.000420
17 4 -0.000437
18 4 -0.000452
19 4 -0.000465
20 4 -0.000475
21 4 -0.000482
22 4 -0.000487
23 4 -0.000490
24 4 -0.000490
25 4 -0.000488
26 4 -0.000484
27 4 -0.000478
28 4 -0.000469
29 4 -0.000459
30 4 -0.000446
31 4 -0.000432
32 4 -0.000415
33 4 -0.000397
34 4 -0.000376
35 4 -0.000354
36 4 -0.000331
37 4 -0.000306
38 4 -0.000279
39 4 -0.000252
40 4 -0.000223
41 4 -0.000194
42 4 -0.000165
43 4 -0.000137
44 4 -0.000109
45 4 -0.000083
46 4 -0.000059
47 4 -0.000038
48 4 -0.000021
49 4 -0.000009
50 4 -0.000002
1 5 -0.000004
2 5 -0.000016
3 5 -0.000039
4 5 -0.000068
5 5 -0.000102
6 5 -0.000140
7 5 -0.000179
8 5 -0.000219
9 5 -0.000259
10 5 -0.000298
11 5 -0.000335
12 5 -0.000371
13 5 -0.000404
14 5 -0.000434
15 5 -0.000461
16 5 -0.000485
17 5 -0.000507
18 5 -0.000525
19 5 -0.000540
20 5 -0.000553
21 5 -0.000562
22 5 -0.000569
23 5 -0.000573
24 5 -0.000573
25 5 -0.000572
26 5 -0.000567
27 5 -0.000560
28 5 -0.000551
29 5 -0.000538
30 5 -0.000524
31 5 -0.000507
32 5 -0.000487
33 5 -0.000466
34 5 -0.000442
35 5 -0.000416
36 5 -0.000388
37 5 -0.000359
38 5 -0.000328
39 5 -0.000295
40 5 -0.000262
41 5 -0.000228
42 5 -0.000195
43 5 -0.000161
44 5 -0.000129
45 5 -0.000098
46 5 -0.000070
47 5 -0.000046
48 5 -0.000025
49 5 -0.000011
50 5 -0.000002
1 6 -0.000004
2 6 -0.000017
3 6 -0.000041
4 6 -0.000073
5 6 -0.000109
6 6 -0.000150
7 6 -0.000193
8 6 -0.000237
9 6 -0.000280
10 6 -0.000323
11 6 -0.000364
12 6 -0.000404
13 6 -0.000440
14 6 -0.000474
15 6 -0.000505
16 6 -0.000533
17 6 -0.000557
18 6 -0.000579
19 6 -0.000596
20 6 -0.000611
21 6 -0.000622
22 6 -0.000630
23 6 -0.000635
24 6 -0.000637
25 6 -0.000635
26 6 -0.000631
27 6 -0.000623
28 6 -0.000613
29 6 -0.000600
30 6 -0.000583
31 6 -0.000565
32 6 -0.000543
33 6 -0.000519
34 6 -0.000493
35 6 -0.000464
36 6 -0.000433
37 6 -0.000400
38 6 -0.000365
39 6 -0.000329
40 6 -0.000293
41 6 -0.000255
42 6 -0.000217
43 6 -0.000180
44 6 -0.000144
45 6 -0.000110
46 6 -0.000079
47 6 -0.000051
48 6 -0.000029
49 6 -0.000012
50 6 -0.000003
1 7 -0.000004
2 7 -0.000018
3 7 -0.000042
4 7 -0.000075
5 7 -0.000113
6 7 -0.000155
7 7 -0.000200
8 7 -0.000246
9 7 -0.000293
10 7 -0.000338
11 7 -0.000382
12 7 -0.000424
13 7 -0.000464
14 7 -0.000501
15 7 -0.000534
16 7 -0.000565
17 7 -0.000592
18 7 -0.000615
19 7 -0.000635
20 7 -0.000651
21 7 -0.000664
22 7 -0.000673
23 7 -0.000679
24 7 -0.000682
25 7 -0.000681
26 7 -0.000676
27 7 -0.000669
28 7 -0.000658
29 7 -0.000644
30 7 -0.000627
31 7 -0.000607
32 7 -0.000584
33 7 -0.000558
34 7 -0.000530
35 7 -0.000499
36 7 -0.000466
37 7 -0.000431
38 7 -0.000393
39 7 -0.000355
40 7 -0.000315
41 7 -0.000275
42 7 -0.000234
43 7 -0.000194
44 7 -0.000156
45 7 -0.000119
46 7 -0.000085
47 7 -0.000056
48 7 -0.000031
49 7 -0.000013
50 7 -0.000003
1 8 -0.000004
2 8 -0.000018
3 8 -0.000042
4 8 -0.000075
5 8 -0.000114
6 8 -0.000157
7 8 -0.000202
8 8 -0.000250
9 8 -0.000297
10 8 -0.000345
11 8 -0.000390
12 8 -0.000434
13 8 -0.000476
14 8 -0.000515
15 8 -0.000550
16 8 -0.000583
17 8 -0.000611
18 8 -0.000637
19 8 -0.000658
20 8 -0.000676
21 8 -0.000690
22 8 -0.000701
23 8 -0.000708
24 8 -0.000711
25 8 -0.000710
26 8 -0.000707
27 8 -0.000699
28 8 -0.000688
29 8 -0.000674
30 8 -0.000657
31 8 -0.000636
32 8 -0.000612
33 8 -0.000585
34 8 -0.000556
35 8 -0.000523
36 8 -0.000488
37 8 -0.000451
38 8 -0.000413
39 8 -0.000372
40 8 -0.000330
41 8 -0.000288
42 8 -0.000246
43 8 -0.000204
44 8 -0.000163
45 8 -0.000125
46 8 -0.000090
47 8 -0.000058
48 8 -0.000033
49 8 -0.000013
50 8 -0.000003
1 9 -0.000004
2 9 -0.000017
3 9 -0.000041
4 9 -0.000073
5 9 -0.000112
6 9 -0.000155
7 9 -0.000200
8 9 -0.000248
9 9 -0.000296
10 9 -0.000344
11 9 -0.000391
12 9 -0.000436
13 9 -0.000478
14 9 -0.000518
15 9 -0.000555
16 9 -0.000589
17 9 -0.000619
18 9 -0.000645
19 9 -0.000668
20 9 -0.000687
21 9 -0.000703
22 9 -0.000714
23 9 -0.000722
24 9 -0.000726
25 9 -0.000726
26 9 -0.000723
27 9 -0.000716
28 9 -0.000705
29 9 -0.000691
30 9 -0.000673
31 9 -0.000652
32 9 -0.000628
33 9 -0.000601
34 9 -0.000571
35 9 -0.000537
36 9 -0.000502
37 9 -0.000464
38 9 -0.000424
39 9 -0.000383
40 9 -0.000340
41 9 -0.000296
42 9 -0.000253
43 9 -0.000210
44 9 -0.000168
45 9 -0.000129
46 9 -0.000092
47 9 -0.000060
48 9 -0.000033
49 9 -0.000014
50 9 -0.000003
1 10 -0.000004
2 10 -0.000016
3 10 -0.000039
4 10 -0.000071
5 10 -0.000108
6 10 -0.000150
7 10 -0.000195
8 10 -0.000242
9 10 -0.000290
10 10 -0.000337
11 10 -0.000384
12 10 -0.000429
13 10 -0.000472
14 10 -0.000513
15 10 -0.000550
16 10 -0.000585
17 10 -0.000616
18 10 -0.000643
19 10 -0.000667
20 10 -0.000687
21 10 -0.000703
22 10 -0.000715
23 10 -0.000724
24 10 -0.000728
25 10 -0.000729
26 10 -0.000727
27 10 -0.000720
28 10 -0.000710
29 10 -0.000696
30 10 -0.000679
31 10 -0.000658
32 10 -0.000634
33 10 -0.000607
34 10 -0.000576
35 10 -0.000543
36 10 -0.000507
37 10 -0.000469
38 10 -0.000429
39 10 -0.000387
40 10 -0.000344
41 10 -0.000300
42 10 -0.000256
43 10 -0.000212
44 10 -0.000170
45 10 -0.000130
46 10 -0.000093
47 10 -0.000061
48 10 -0.000034
49 10 -0.000014
50 10 -0.000003
1 11 -0.000003
2 11 -0.000015
3 11 -0.000037
4 11 -0.000067
5 11 -0.000103
6 11 -0.000144
7 11 -0.000187
8 11 -0.000233
9 11 -0.000279
10 11 -0.000326
11 11 -0.000372
12 11 -0.000417
13 11 -0.000459
14 11 -0.000500
15 11 -0.000537
16 11 -0.000572
17 11 -0.000603
18 11 -0.000631
19 11 -0.000655
20 11 -0.000676
21 11 -0.000692
22 11 -0.000705
23 11 -0.000715
24 11 -0.000720
25 11 -0.000722
26 11 -0.000720
27 11 -0.000714
28 11 -0.000704
29 11 -0.000691
30 11 -0.000674
31 11 -0.000654
32 11 -0.000630
33 11 -0.000603
34 11 -0.000574
35 11 -0.000541
36 11 -0.000505
37 11 -0.000467
38 11 -0.000427
39 11 -0.000386
40 11 -0.000343
41 11 -0.000299
42 11 -0.000255
43 11 -0.000212
44 11 -0.000170
45 11 -0.000130
46 11 -0.000093
47 11 -0.000060
48 11 -0.000034
49 11 -0.000014
50 11 -0.000003
1 12 -0.000003
2 12 -0.000014
3 12 -0.000035
4 12 -0.000063
5 12 -0.000097
6 12 -0.000135
7 12 -0.000177
8 12 -0.000221
9 12 -0.000266
10 12 -0.000311
11 12 -0.000355
12 12 -0.000399
13 12 -0.000441
14 12 -0.000480
15 12 -0.000517
16 12 -0.000551
17 12 -0.000583
18 12 -0.000610
19 12 -0.000635
20 12 -0.000656
21 12 -0.000673
22 12 -0.000686
23 12 -0.000696
24 12 -0.000702
25 12 -0.000705
26 12 -0.000703
27 12 -0.000698
28 12 -0.000689
29 12 -0.000677
30 12 -0.000661
31 12 -0.000641
32 12 -0.000619
33 12 -0.000593
34 12 -0.000564
35 12 -0.000532
36 12 -0.000497
37 12 -0.000460
38 12 -0.000421
39 12 -0.000380
40 12 -0.000338
41 12 -0.000295
42 12 -0.000251
43 12 -0.000209
44 12 -0.000167
45 12 -0.000128
46 12 -0.000091
47 12 -0.000059
48 12 -0.000033
49 12 -0.000014
50 12 -0.000003
1 13 -0.000003
2 13 -0.000013
3 13 -0.000032
4 13 -0.000058
5 13 -0.000090
6 13 -0.000126
7 13 -0.000165
8 13 -0.000206
9 13 -0.000249
10 13 -0.000292
11 13 -0.000335
12 13 -0.000377
13 13 -0.000417
14 13 -0.000455
15 13 -0.000491
16 13 -0.000525
17 13 -0.000555
18 13 -0.000583
19 13 -0.000607
20 13 -0.000628
21 13 -0.000645
22 13 -0.000659
23 13 -0.000670
24 13 -0.000676
25 13 -0.000679
26 13 -0.000678
27 13 -0.000674
28 13 -0.000666
29 13 -0.000655
30 13 -0.000640
31 13 -0.000622
32 13 -0.000600
33 13 -0.000575
34 13 -0.000547
35 13 -0.000516
36 13 -0.000483
37 13 -0.000447
38 13 -0.000409
39 13 -0.000370
40 13 -0.000329
41 13 -0.000287
42 13 -0.000245
43 13 -0.000203
44 13 -0.000163
45 13 -0.000124
46 13 -0.000089
47 13 -0.000058
48 13 -0.000032
49 13 -0.000013
50 13 -0.000003
1 14 -0.000003
2 14 -0.000012
3 14 -0.000029
4 14 -0.000053
5 14 -0.000082
6 14 -0.000115
7 14 -0.000152
8 14 -0.000191
9 14 -0.000230
10 14 -0.000271
11 14 -0.000311
12 14 -0.000351
13 14 -0.000389
14 14 -0.000426
15 14 -0.000461
16 14 -0.000493
17 14 -0.000523
18 14 -0.000550
19 14 -0.000573
20 14 -0.000594
21 14 -0.000611
22 14 -0.000625
23 14 -0.000636
24 14 -0.000643
25 14 -0.000646
26 14 -0.000646
27 14 -0.000643
28 14 -0.000636
29 14 -0.000626
30 14 -0.000612
31 14 -0.000595
32 14 -0.000575
33 14 -0.000551
34 14 -0.000525
35 14 -0.000496
36 14 -0.000464
37 14 -0.000430
38 14 -0.000394
39 14 -0.000356
40 14 -0.000317
41 14 -0.000276
42 14 -0.000236
43 14 -0.000196
44 14 -0.000157
45 14 -0.000120
46 14 -0.000086
47 14 -0.000056
48 14 -0.000031
49 14 -0.000013
50 14 -0.000003
1 15 -0.000002
2 15 -0.000011
3 15 -0.000026
4 15 -0.000047
5 15 -0.000074
6 15 -0.000104
7 15 -0.000138
8 15 -0.000173
9 15 -0.000210
10 15 -0.000248
11 15 -0.000285
12 15 -0.000322
13 15 -0.000359
14 15 -0.000393
15 15 -0.000426
16 15 -0.000457
17 15 -0.000485
18 15 -0.000511
19 15 -0.000534
20 15 -0.000554
21 15 -0.000571
22 15 -0.000585
23 15 -0.000596
24 15 -0.000603
25 15 -0.000607
26 15 -0.000608
27 15 -0.000606
28 15 -0.000600
29 15 -0.000591
30 15 -0.000578
31 15 -0.000563
32 15 -0.000544
33 15 -0.000523
34 15 -0.000498
35 15 -0.000471
36 15 -0.000441
37 15 -0.000409
38 15 -0.000375
39 15 -0.000339
40 15 -0.000302
41 15 -0.000264
42 15 -0.000225
43 15 -0.000187
44 15 -0.000150
45 15 -0.000115
46 15 -0.000082
47 15 -0.000053
48 15 -0.000030
49 15 -0.000012
50 15 -0.000003
1 16 -0.000002
2 16 -0.000009
3 16 -0.000023
4 16 -0.000042
5 16 -0.000065
6 16 -0.000093
7 16 -0.000123
8 16 -0.000155
9 16 -0.000189
10 16 -0.000223
11 16 -0.000257
12 16 -0.000292
13 16 -0.000325
14 16 -0.000357
15 16 -0.000388
16 16 -0.000417
17 16 -0.000444
18 16 -0.000468
19 16 -0.000490
20 16 -0.000510
21 16 -0.000526
22 16 -0.000540
23 16 -0.000551
24 16 -0.000558
25 16 -0.000563
26 16 -0.000565
27 16 -0.000563
28 16 -0.000558
29 16 -0.000551
30 16 -0.000540
31 16 -0.000526
32 16 -0.000509
33 16 -0.000489
34 16 -0.000467
35 16 -0.000442
36 16 -0.000414
37 16 -0.000384
38 16 -0.000352
39 16 -0.000319
40 16 -0.000284
41 16 -0.000249
42 16 -0.000212
43 16 -0.000177
44 16 -0.000142
45 16 -0.000108
46 16 -0.000078
47 16 -0.000050
48 16 -0.000028
49 16 -0.000012
50 16 -0.000002
1 17 -0.000002
2 17 -0.000008
3 17 -0.000020
4 17 -0.000036
5 17 -0.000057
6 17 -0.000081
7 17 -0.000107
8 17 -0.000136
9 17 -0.000166
10 17 -0.000197
11 17 -0.000228
12 17 -0.000259
13 17 -0.000290
14 17 -0.000319
15 17 -0.000348
16 17 -0.000374
17 17 -0.000399
18 17 -0.000422
19 17 -0.000443
20 17 -0.000461
21 17 -0.000477
22 17 -0.000491
23 17 -0.000501
24 17 -0.000509
25 17 -0.000514
26 17 -0.000516
27 17 -0.000516
28 17 -0.000512
29 17 -0.000506
30 17 -0.000496
31 17 -0.000484
32 17 -0.000469
33 17 -0.000452
34 17 -0.000432
35 17 -0.000409
36 17 -0.000384
37 17 -0.000357
38 17 -0.000327
39 17 -0.000297
40 17 -0.000265
41 17 -0.000232
42 17 -0.000198
43 17 -0.000165
44 17 -0.000132
45 17 -0.000101
46 17 -0.000073
47 17 -0.000047
48 17 -0.000026
49 17 -0.000011
50 17 -0.000002
1 18 -0.000001
2 18 -0.000007
3 18 -0.000016
4 18 -0.000030
5 18 -0.000048
6 18 -0.000069
7 18 -0.000092
8 18 -0.000116
9 18 -0.000143
10 18 -0.000170
11 18 -0.000198
12 18 -0.000225
13 18 -0.000253
14 18 -0.000279
15 18 -0.000305
16 18 -0.000329
17 18 -0.000352
18 18 -0.000373
19 18 -0.000393
20 18 -0.000410
21 18 -0.000425
22 18 -0.000438
23 18 -0.000448
24 18 -0.000456
25 18 -0.000461
26 18 -0.000464
27 18 -0.000465
28 18 -0.000462
29 18 -0.000457
30 18 -0.000449
31 18 -0.000439
32 18 -0.000426
33 18 -0.000411
34 18 -0.000393
35 18 -0.000373
36 18 -0.000351
37 18 -0.000326
38 18 -0.000300
39 18 -0.000272
40 18 -0.000243
41 18 -0.000213
42 18 -0.000183
43 18 -0.000152
44 18 -0.000122
45 18 -0.000094
46 18 -0.000067
47 18 -0.000044
48 18 -0.000024
49 18 -0.000010
50 18 -0.000002
1 19 -0.000001
2 19 -0.000005
3 19 -0.000013
4 19 -0.000025
5 19 -0.000039
6 19 -0.000056
7 19 -0.000076
8 19 -0.000097
9 19 -0.000119
10 19 -0.000142
11 19 -0.000166
12 19 -0.000190
13 19 -0.000214
14 19 -0.000238
15 19 -0.000261
16 19 -0.000283
17 19 -0.000303
18 19 -0.000322
19 19 -0.000340
20 19 -0.000356
21 19 -0.000370
22 19 -0.000382
23 19 -0.000392
24 19 -0.000400
25 19 -0.000406
26 19 -0.000409
27 19 -0.000410
28 19 -0.000409
29 19 -0.000405
30 19 -0.000399
31 19 -0.000391
32 19 -0.000380
33 19 -0.000367
34 19 -0.000352
35 19 -0.000334
36 19 -0.000315
37 19 -0.000293
38 19 -0.000270
39 19 -0.000246
40 19 -0.000220
41 19 -0.000193
42 19 -0.000166
43 19 -0.000138
44 19 -0.000111
45 19 -0.000085
46 19 -0.000061
47 19 -0.000040
48 19 -0.000022
49 19 -0.000009
50 19 -0.000002
1 20 -0.000001
2 20 -0.000004
3 20 -0.000010
4 20 -0.000019
5 20 -0.000030
6 20 -0.000044
7 20 -0.000060
8 20 -0.000077
9 20 -0.000095
10 20 -0.000115
11 20 -0.000135
12 20 -0.000155
13 20 -0.000175
14 20 -0.000196
15 20 -0.000215
16 20 -0.000234
17 20 -0.000252
18 20 -0.000269
19 20 -0.000285
20 20 -0.000300
21 20 -0.000313
22 20 -0.000324
23 20 -0.000333
24 20 -0.000341
25 20 -0.000347
26 20 -0.000351
27 20 -0.000353
28 20 -0.000352
29 20 -0.000350
30 20 -0.000346
31 20 -0.000340
32 20 -0.000331
33 20 -0.000320
34 20 -0.000308
35 20 -0.000293
36 20 -0.000277
37 20 -0.000259
38 20 -0.000239
39 20 -0.000218
40 20 -0.000195
41 20 -0.000172
42 20 -0.000148
43 20 -0.000123
44 20 -0.000100
45 20 -0.000077
46 20 -0.000055
47 20 -0.000036
48 20 -0.000020
49 20 -0.000008
50 20 -0.000002
1 21 -0.000001
2 21 -0.000003
3 21 -0.000007
4 21 -0.000013
5 21 -0.000022
6 21 -0.000032
7 21 -0.000044
8 21 -0.000057
9 21 -0.000071
10 21 -0.000087
11 21 -0.000103
12 21 -0.000119
13 21 -0.000136
14 21 -0.000153
15 21 -0.000169
16 21 -0.000185
17 21 -0.000201
18 21 -0.000215
19 21 -0.000229
20 21 -0.000242
21 21 -0.000253
22 21 -0.000264
23 21 -0.000273
24 21 -0.000280
25 21 -0.000286
26 21 -0.000290
27 21 -0.000293
28 21 -0.000294
29 21 -0.000293
30 21 -0.000290
31 21 -0.000286
32 21 -0.000280
33 21 -0.000272
34 21 -0.000262
35 21 -0.000250
36 21 -0.000237
37 21 -0.000222
38 21 -0.000206
39 21 -0.000188
40 21 -0.000169
41 21 -0.000149
42 21 -0.000129
43 21 -0.000108
44 21 -0.000087
45 21 -0.000067
46 21 -0.000049
47 21 -0.000032
48 21 -0.000018
49 21 -0.000007
50 21 -0.000002
1 22 -0.000000
2 22 -0.000001
3 22 -0.000004
4 22 -0.000008
5 22 -0.000013
6 22 -0.000020
7 22 -0.000028
8 22 -0.000037
9 22 -0.000047
10 22 -0.000059
11 22 -0.000071
12 22 -0.000083
13 22 -0.000096
14 22 -0.000109
15 22 -0.000122
16 22 -0.000135
17 22 -0.000148
18 22 -0.000160
19 22 -0.000172
20 22 -0.000183
21 22 -0.000193
22 22 -0.000202
23 22 -0.000211
24 22 -0.000218
25 22 -0.000224
26 22 -0.000228
27 22 -0.000232
28 22 -0.000233
29 22 -0.000234
30 22 -0.000233
31 22 -0.000231
32 22 -0.000227
33 22 -0.000221
34 22 -0.000214
35 22 -0.000206
36 22 -0.000196
37 22 -0.000184
38 22 -0.000171
39 22 -0.000157
40 22 -0.000142
41 22 -0.000126
42 22 -0.000109
43 22 -0.000092
44 22 -0.000074
45 22 -0.000058
46 22 -0.000042
47 22 -0.000027
48 22 -0.000015
49 22 -0.000006
50 22 -0.000001
1 23 0.000000
2 23 -0.000000
3 23 -0.000001
4 23 -0.000002
5 23 -0.000005
6 23 -0.000008
7 23 -0.000012
8 23 -0.000018
9 23 -0.000024
10 23 -0.000031
11 23 -0.000039
12 23 -0.000047
13 23 -0.000056
14 23 -0.000066
15 23 -0.000076
16 23 -0.000085
17 23 -0.000095
18 23 -0.000105
19 23 -0.000114
20 23 -0.000123
21 23 -0.000132
22 23 -0.000140
23 23 -0.000147
24 23 -0.000154
25 23 -0.000160
26 23 -0.000165
27 23 -0.000169
28 23 -0.000172
29 23 -0.000173
30 23 -0.000174
31 23 -0.000174
32 23 -0.000172
33 23 -0.000169
34 23 -0.000165
35 23 -0.000159
36 23 -0.000153
37 23 -0.000145
38 23 -0.000135
39 23 -0.000125
40 23 -0.000114
41 23 -0.000101
42 23 -0.000088
43 23 -0.000075
44 23 -0.000061
45 23 -0.000048
46 23 -0.000035
47 23 -0.000023
48 23 -0.000013
49 23 -0.000005
50 23 -0.000001
1 24 0.000000
2 24 0.000001
3 24 0.000002
4 24 0.000003
5 24 0.000004
6 24 0.000004
7 24 0.000003
8 24 0.000002
9 24 -0.000000
10 24 -0.000003
11 24 -0.000007
12 24 -0.000012
13 24 -0.000017
14 24 -0.000023
15 24 -0.000029
16 24 -0.000035
17 24 -0.000042
18 24 -0.000049
19 24 -0.000056
20 24 -0.000063
21 24 -0.000070
22 24 -0.000077
23 24 -0.000084
24 24 -0.000090
25 24 -0.000095
26 24 -0.000100
27 24 -0.000105
28 24 -0.000109
29 24 -0.000112
30 24 -0.000114
31 24 -0.000115
32 24 -0.000116
33 24 -0.000116
34 24 -0.000114
35 24 -0.000112
36 24 -0.000108
37 24 -0.000104
38 24 -0.000098
39 24 -0.000092
40 24 -0.000084
41 24 -0.000076
42 24 -0.000067
43 24 -0.000057
44 24 -0.000047
45 24 -0.000037
46 24 -0.000027
47 24 -0.000018
48 24 -0.000010
49 24 -0.000004
50 24 -0.000001
1 25 0.000000
2 25 0.000002
3 25 0.000005
4 25 0.000008
5 25 0.000012
6 25 0.000015
7 25 0.000018
8 25 0.000021
9 25 0.000022
10 25 0.000024
11 25 0.000024
12 25 0.000023
13 25 0.000022
14 25 0.000020
15 25 0.000018
16 25 0.000014
17 25 0.000010
18 25 0.000006
19 25 0.000002
20 25 -0.000003
21 25 -0.000009
22 25 -0.000014
23 25 -0.000019
24 25 -0.000025
25 25 -0.000030
26 25 -0.000035
27 25 -0.000040
28 25 -0.000045
29 25 -0.000049
30 25 -0.000053
31 25 -0.000056
32 25 -0.000059
33 25 -0.000061
34 25 -0.000063
35 25 -0.000063
36 25 -0.000063
37 25 -0.000062
38 25 -0.000061
39 25 -0.000058
40 25 -0.000054
41 25 -0.000050
42 25 -0.000045
43 25 -0.000039
44 25 -0.000033
45 25 -0.000026
46 25 -0.000020
47 25 -0.000013
48 25 -0.000008
49 25 -0.000003
50 25 -0.000001
1 26 0.000001
2 26 0.000003
3 26 0.000008
4 26 0.000013
5 26 0.000020
6 26 0.000026
7 26 0.000033
8 26 0.000039
9 26 0.000045
10 26 0.000050
11 26 0.000054
12 26 0.000058
13 26 0.000061
14 26 0.000062
15 26 0.000063
16 26 0.000063
17 26 0.000063
18 26 0.000061
19 26 0.000059
20 26 0.000056
21 26 0.000053
22 26 0.000049
23 26 0.000045
24 26 0.000040
25 26 0.000035
26 26 0.000030
27 26 0.000025
28 26 0.000019
29 26 0.000014
30 26 0.000009
31 26 0.000003
32 26 -0.000002
33 26 -0.000006
34 26 -0.000010
35 26 -0.000014
36 26 -0.000018
37 26 -0.000020
38 26 -0.000022
39 26 -0.000023
40 26 -0.000024
41 26 -0.000024
42 26 -0.000022
43 26 -0.000021
44 26 -0.000018
45 26 -0.000015
46 26 -0.000012
47 26 -0.000008
48 26 -0.000005
49 26 -0.000002
50 26 -0.000000
1 27 0.000001
2 27 0.000004
3 27 0.000010
4 27 0.000018
5 27 0.000027
6 27 0.000037
7 27 0.000047
8 27 0.000057
9 27 0.000067
10 27 0.000076
11 27 0.000084
12 27 0.000092
13 27 0.000098
14 27 0.000104
15 27 0.000108
16 27 0.000112
17 27 0.000114
18 27 0.000116
19 27 0.000116
20 27 0.000115
21 27 0.000114
22 27 0.000112
23 27 0.000109
24 27 0.000105
25 27 0.000100
26 27 0.000095
27 27 0.000090
28 27 0.000084
29 27 0.000077
30 27 0.000070
31 27 0.000063
32 27 0.000056
33 27 0.000049
34 27 0.000042
35 27 0.000035
36 27 0.000029
37 27 0.000023
38 27 0.000017
39 27 0.000012
40 27 0.000007
41 27 0.000003
42 27 0.000000
43 27 -0.000002
44 27 -0.000003
45 27 -0.000004
46 27 -0.000004
47 27 -0.000003
48 27 -0.000002
49 27 -0.000001
50 27 -0.000000
1 28 0.000001
2 28 0.000005
3 28 0.000013
4 28 0.000023
5 28 0.000035
6 28 0.000048
7 28 0.000061
8 28 0.000075
9 28 0.000088
10 28 0.000101
11 28 0.000114
12 28 0.000125
13 28 0.000135
14 28 0.000145
15 28 0.000153
16 28 0.000159
17 28 0.000165
18 28 0.000169
19 28 0.000172
20 28 0.000174
21 28 0.000174
22 28 0.000173
23 28 0.000172
24 28 0.000169
25 28 0.000165
26 28 0.000160
27 28 0.000154
28 28 0.000147
29 28 0.000140
30 28 0.000132
31 28 0.000123
32 28 0.000114
33 28 0.000105
34 28 0.000095
35 28 0.000085
36 28 0.000076
37 28 0.000066
38 28 0.000056
39 28 0.000047
40 28 0.000039
41 28 0.000031
42 28 0.000024
43 28 0.000018
44 28 0.000012
45 28 0.000008
46 28 0.000005
47 28 0.000002
48 28 0.000001
49 28 0.000000
50 28 -0.000000
1 29 0.000001
2 29 0.000006
3 29 0.000015
4 29 0.000027
5 29 0.000042
6 29 0.000058
7 29 0.000074
8 29 0.000092
9 29 0.000109
10 29 0.000126
11 29 0.000142
12 29 0.000157
13 29 0.000171
14 29 0.000184
15 29 0.000196
16 29 0.000206
17 29 0.000214
18 29 0.000221
19 29 0.000227
20 29 0.000231
21 29 0.000233
22 29 0.000234
23 29 0.000233
24 29 0.000232
25 29 0.000228
26 29 0.000224
27 29 0.000218
28 29 0.000211
29 29 0.000202
30 29 0.000193
31 29 0.000183
32 29 0.000172
33 29 0.000160
34 29 0.000148
35 29 0.000135
36 29 0.000122
37 29 0.000109
38 29 0.000096
39 29 0.000083
40 29 0.000071
41 29 0.000059
42 29 0.000047
43 29 0.000037
44 29 0.000028
45 29 0.000020
46 29 0.000013
47 29 0.000008
48 29 0.000004
49 29 0.000001
50 29 0.000000
1 30 0.000002
2 30 0.000007
3 30 0.000018
4 30 0.000032
5 30 0.000049
6 30 0.000067
7 30 0.000087
8 30 0.000108
9 30 0.000129
10 30 0.000149
11 30 0.000169
12 30 0.000188
13 30 0.000206
14 30 0.000222
15 30 0.000237
16 30 0.000250
17 30 0.000262
18 30 0.000272
19 30 0.000280
20 30 0.000286
21 30 0.000290
22 30 0.000293
23 30 0.000294
24 30 0.000293
25 30 0.000290
26 30 0.000286
27 30 0.000280
28 30 0.000273
29 30 0.000264
30 30 0.000253
31 30 0.000242
32 30 0.000229
33 30 0.000215
34 30 0.000201
35 30 0.000185
36 30 0.000169
37 30 0.000153
38 30 0.000136
39 30 0.000119
40 30 0.000103
41 30 0.000087
42 30 0.000071
43 30 0.000057
44 30 0.000044
45 30 0.000032
46 30 0.000022
47 30 0.000013
48 30 0.000007
49 30 0.000003
50 30 0.000001
1 31 0.000002
2 31 0.000008
3 31 0.000020
4 31 0.000036
5 31 0.000055
6 31 0.000077
7 31 0.000100
8 31 0.000123
9 31 0.000148
10 31 0.000172
11 31 0.000195
12 31 0.000218
13 31 0.000239
14 31 0.000259
15 31 0.000277
16 31 0.000293
17 31 0.000308
18 31 0.000320
19 31 0.000331
20 31 0.000340
21 31 0.000346
22 31 0.000350
23 31 0.000352
24 31 0.000353
25 31 0.000351
26 31 0.000347
27 31 0.000341
28 31 0.000333
29 31 0.000324
30 31 0.000313
31 31 0.000300
32 31 0.000285
33 31 0.000269
34 31 0.000252
35 31 0.000234
36 31 0.000215
37 31 0.000196
38 31 0.000175
39 31 0.000155
40 31 0.000135
41 31 0.000115
42 31 0.000095
43 31 0.000077
44 31 0.000060
45 31 0.000044
46 31 0.000030
47 31 0.000019
48 31 0.000010
49 31 0.000004
50 31 0.000001
1 32 0.000002
2 32 0.000009
3 32 0.000022
4 32 0.000040
5 32 0.000061
6 32 0.000085
7 32 0.000111
8 32 0.000138
9 32 0.000166
10 32 0.000193
11 32 0.000220
12 32 0.000246
13 32 0.000270
14 32 0.000293
15 32 0.000315
16 32 0.000334
17 32 0.000352
18 32 0.000367
19 32 0.000380
20 32 0.000391
21 32 0.000399
22 32 0.000405
23 32 0.000409
24 32 0.000410
25 32 0.000409
26 32 0.000406
27 32 0.000400
28 32 0.000392
29 32 0.000382
30 32 0.000370
31 32 0.000356
32 32 0.000340
33 32 0.000322
34 32 0.000303
35 32 0.000283
36 32 0.000261
37 32 0.000238
38 32 0.000214
39 32 0.000190
40 32 0.000166
41 32 0.000142
42 32 0.000119
43 32 0.000097
44 32 0.000076
45 32 0.000056
46 32 0.000039
47 32 0.000025
48 32 0.000013
49 32 0.000005
50 32 0.000001
1 33 0.000002
2 33 0.000010
3 33 0.000024
4 33 0.000044
5 33 0.000067
6 33 0.000094
7 33 0.000122
8 33 0.000152
9 33 0.000183
10 33 0.000213
11 33 0.000243
12 33 0.000272
13 33 0.000300
14 33 0.000326
15 33 0.000351
16 33 0.000373
17 33 0.000393
18 33 0.000411
19 33 0.000426
20 33 0.000439
21 33 0.000449
22 33 0.000457
23 33 0.000462
24 33 0.000465
25 33 0.000464
26 33 0.000461
27 33 0.000456
28 33 0.000448
29 33 0.000438
30 33 0.000425
31 33 0.000410
32 33 0.000393
33 33 0.000373
34 33 0.000352
35 33 0.000329
36 33 0.000305
37 33 0.000279
38 33 0.000253
39 33 0.000225
40 33 0.000198
41 33 0.000170
42 33 0.000143
43 33 0.000116
44 33 0.000092
45 33 0.000069
46 33 0.000048
47 33 0.000030
48 33 0.000016
49 33 0.000007
50 33 0.000001
1 34 0.000002
2 34 0.000011
3 34 0.000026
4 34 0.000047
5 34 0.000073
6 34 0.000101
7 34 0.000132
8 34 0.000165
9 34 0.000198
10 34 0.000232
11 34 0.000265
12 34 0.000297
13 34 0.000327
14 34 0.000357
15 34 0.000384
16 34 0.000409
17 34 0.000432
18 34 0.000452
19 34 0.000469
20 34 0.000484
21 34 0.000496
22 34 0.000506
23 34 0.000512
24 34 0.000516
25 34 0.000516
26 34 0.000514
27 34 0.000509
28 34 0.000501
29 34 0.000491
30 34 0.000477
31 34 0.000461
32 34 0.000443
33 34 0.000422
34 34 0.000399
35 34 0.000374
36 34 0.000348
37 34 0.000319
38 34 0.000290
39 34 0.000259
40 34 0.000228
41 34 0.000197
42 34 0.000166
43 34 0.000136
44 34 0.000107
45 34 0.000081
46 34 0.000057
47 34 0.000036
48 34 0.000020
49 34 0.000008
50 34 0.000002
1 35 0.000002
2 35 0.000012
3 35 0.000028
4 35 0.000050
5 35 0.000078
6 35 0.000108
7 35 0.000142
8 35 0.000177
9 35 0.000212
10 35 0.000249
11 35 0.000284
12 35 0.000319
13 35 0.000352
14 35 0.000384
15 35 0.000414
16 35 0.000442
17 35 0.000467
18 35 0.000489
19 35 0.000509
20 35 0.000526
21 35 0.000540
22 35 0.000551
23 35 0.000558
24 35 0.000563
25 35 0.000565
26 35 0.000563
27 35 0.000558
28 35 0.000551
29 35 0.000540
30 35 0.000526
31 35 0.000510
32 35 0.000490
33 35 0.000468
34 35 0.000444
35 35 0.000417
36 35 0.000388
37 35 0.000357
38 35 0.000325
39 35 0.000292
40 35 0.000257
41 35 0.000223
42 35 0.000189
43 35 0.000155
44 35 0.000123
45 35 0.000093
46 35 0.000065
47 35 0.000042
48 35 0.000023
49 35 0.000009
50 35 0.000002
1 36 0.000003
2 36 0.000012
3 36 0.000030
4 36 0.000053
5 36 0.000082
6 36 0.000115
7 36 0.000150
8 36 0.000187
9 36 0.000225
10 36 0.000264
11 36 0.000302
12 36 0.000339
13 36 0.000375
14 36 0.000409
15 36 0.000441
16 36 0.000471
17 36 0.000498
18 36 0.000523
19 36 0.000544
20 36 0.000563
21 36 0.000578
22 36 0.000591
23 36 0.000600
24 36 0.000606
25 36 0.000608
26 36 0.000607
27 36 0.000603
28 36 0.000596
29 36 0.000585
30 36 0.000571
31 36 0.000554
32 36 0.000534
33 36 0.000511
34 36 0.000485
35 36 0.000457
36 36 0.000426
37 36 0.000393
38 36 0.000359
39 36 0.000322
40 36 0.000285
41 36 0.000248
42 36 0.000210
43 36 0.000173
44 36 0.000138
45 36 0.000104
46 36 0.000074
47 36 0.000047
48 36 0.000026
49 36 0.000011
50 36 0.000002
1 37 0.000003
2 37 0.000013
3 37 0.000031
4 37 0.000056
5 37 0.000086
6 37 0.000120
7 37 0.000157
8 37 0.000196
9 37 0.000236
10 37 0.000276
11 37 0.000317
12 37 0.000356
13 37 0.000394
14 37 0.000430
15 37 0.000464
16 37 0.000496
17 37 0.000525
18 37 0.000551
19 37 0.000575
20 37 0.000595
21 37 0.000612
22 37 0.000626
23 37 0.000636
24 37 0.000643
25 37 0.000646
26 37 0.000646
27 37 0.000643
28 37 0.000636
29 37 0.000625
30 37 0.000611
31 37 0.000594
32 37 0.000573
33 37 0.000550
34 37 0.000523
35 37 0.000493
36 37 0.000461
37 37 0.000426
38 37 0.000389
39 37 0.000351
40 37 0.000311
41 37 0.000271
42 37 0.000230
43 37 0.000191
44 37 0.000152
45 37 0.000115
46 37 0.000082
47 37 0.000053
48 37 0.000029
49 37 0.000012
50 37 0.000003
1 38 0.000003
2 38 0.000013
3 38 0.000032
4 38 0.000058
5 38 0.000089
6 38 0.000124
7 38 0.000163
8 38 0.000203
9 38 0.000245
10 38 0.000287
11 38 0.000329
12 38 0.000370
13 38 0.000409
14 38 0.000447
15 38 0.000483
16 38 0.000516
17 38 0.000547
18 38 0.000575
19 38 0.000600
20 38 0.000622
21 38 0.000640
22 38 0.000655
23 38 0.000666
24 38 0.000674
25 38 0.000678
26 38 0.000679
27 38 0.000676
28 38 0.000670
29 38 0.000659
30 38 0.000645
31 38 0.000628
32 38 0.000607
33 38 0.000583
34 38 0.000555
35 38 0.000525
36 38 0.000491
37 38 0.000455
38 38 0.000417
39 38 0.000377
40 38 0.000335
41 38 0.000292
42 38 0.000249
43 38 0.000206
44 38 0.000165
45 38 0.000126
46 38 0.000090
47 38 0.000058
48 38 0.000032
49 38 0.000013
50 38 0.000003
1 39 0.000003
2 39 0.000014
3 39 0.000033
4 39 0.000059
5 39 0.000091
6 39 0.000128
7 39 0.000167
8 39 0.000209
9 39 0.000251
10 39 0.000295
11 39 0.000338
12 39 0.000380
13 39 0.000421
14 39 0.000460
15 39 0.000497
16 39 0.000532
17 39 0.000564
18 39 0.000593
19 39 0.000619
20 39 0.000641
21 39 0.000661
22 39 0.000677
23 39 0.000689
24 39 0.000698
25 39 0.000703
26 39 0.000705
27 39 0.000702
28 39 0.000696
29 39 0.000686
30 39 0.000673
31 39 0.000656
32 39 0.000635
33 39 0.000610
34 39 0.000583
35 39 0.000551
36 39 0.000517
37 39 0.000480
38 39 0.000441
39 39 0.000399
40 39 0.000355
41 39 0.000311
42 39 0.000266
43 39 0.000221
44 39 0.000177
45 39 0.000135
46 39 0.000097
47 39 0.000063
48 39 0.000035
49 39 0.000014
50 39 0.000003
1 40 0.000003
2 40 0.000014
3 40 0.000034
4 40 0.000060
5 40 0.000093
6 40 0.000130
7 40 0.000170
8 40 0.000212
9 40 0.000255
10 40 0.000299
11 40 0.000343
12 40 0.000386
13 40 0.000427
14 40 0.000467
15 40 0.000505
16 40 0.000541
17 40 0.000574
18 40 0.000603
19 40 0.000630
20 40 0.000654
21 40 0.000674
22 40 0.000691
23 40 0.000704
24 40 0.000714
25 40 0.000720
26 40 0.000722
27 40 0.000720
28 40 0.000715
29 40 0.000705
30 40 0.000692
31 40 0.000676
32 40 0.000655
33 40 0.000631
34 40 0.000603
35 40 0.000572
36 40 0.000537
37 40 0.000500
38 40 0.000459
39 40 0.000417
40 40 0.000372
41 40 0.000326
42 40 0.000279
43 40 0.000233
44 40 0.000187
45 40 0.000144
46 40 0.000103
47 40 0.000067
48 40 0.000037
49 40 0.000015
50 40 0.000003
1 41 0.000003
2 41 0.000014
3 41 0.000034
4 41 0.000061
5 41 0.000093
6 41 0.000130
7 41 0.000170
8 41 0.000212
9 41 0.000256
10 41 0.000300
11 41 0.000344
12 41 0.000387
13 41 0.000429
14 41 0.000469
15 41 0.000507
16 41 0.000543
17 41 0.000576
18 41 0.000607
19 41 0.000634
20 41 0.000658
21 41 0.000679
22 41 0.000696
23 41 0.000710
24 41 0.000720
25 41 0.000727
26 41 0.000729
27 41 0.000728
28 41 0.000724
29 41 0.000715
30 41 0.000703
31 41 0.000687
32 41 0.000667
33 41 0.000643
34 41 0.000616
35 41 0.000585
36 41 0.000550
37 41 0.000513
38 41 0.000472
39 41 0.000429
40 41 0.000384
41 41 0.000337
42 41 0.000290
43 41 0.000242
44 41 0.000195
45 41 0.000150
46 41 0.000108
47 41 0.000071
48 41 0.000039
49 41 0.000016
50 41 0.000004
1 42 0.000003
2 42 0.000014
3 42 0.000033
4 42 0.000060
5 42 0.000092
6 42 0.000129
7 42 0.000168
8 42 0.000210
9 42 0.000253
10 42 0.000296
11 42 0.000340
12 42 0.000383
13 42 0.000424
14 42 0.000464
15 42 0.000502
16 42 0.000537
17 42 0.000571
18 42 0.000601
19 42 0.000628
20 42 0.000652
21 42 0.000673
22 42 0.000691
23 42 0.000705
24 42 0.000716
25 42 0.000723
26 42 0.000726
27 42 0.000726
28 42 0.000722
29 42 0.000714
30 42 0.000703
31 42 0.000687
32 42 0.000668
33 42 0.000645
34 42 0.000619
35 42 0.000589
36 42 0.000555
37 42 0.000518
38 42 0.000478
39 42 0.000436
40 42 0.000391
41 42 0.000344
42 42 0.000296
43 42 0.000248
44 42 0.000200
45 42 0.000155
46 42 0.000112
47 42 0.000073
48 42 0.000041
49 42 0.000017
50 42 0.000004
1 43 0.000003
2 43 0.000013
3 43 0.000033
4 43 0.000058
5 43 0.000090
6 43 0.000125
7 43 0.000163
8 43 0.000204
9 43 0.000246
10 43 0.000288
11 43 0.000330
12 43 0.000372
13 43 0.000413
14 43 0.000451
15 43 0.000488
16 43 0.000523
17 43 0.000556
18 43 0.000585
19 43 0.000612
20 43 0.000636
21 43 0.000657
22 43 0.000674
23 43 0.000688
24 43 0.000699
25 43 0.000707
26 43 0.000710
27 43 0.000711
28 43 0.000708
29 43 0.000701
30 43 0.000690
31 43 0.000676
32 43 0.000658
33 43 0.000637
34 43 0.000611
35 43 0.000583
36 43 0.000550
37 43 0.000515
38 43 0.000476
39 43 0.000434
40 43 0.000390
41 43 0.000345
42 43 0.000297
43 43 0.000250
44 43 0.000202
45 43 0.000157
46 43 0.000114
47 43 0.000075
48 43 0.000042
49 43 0.000018
50 43 0.000004
1 44 0.000003
2 44 0.000013
3 44 0.000031
4 44 0.000056
5 44 0.000085
6 44 0.000119
7 44 0.000156
8 44 0.000194
9 44 0.000234
10 44 0.000275
11 44 0.000315
12 44 0.000355
13 44 0.000393
14 44 0.000431
15 44 0.000466
16 44 0.000499
17 44 0.000530
18 44 0.000558
19 44 0.000584
20 44 0.000607
21 44 0.000627
22 44 0.000644
23 44 0.000658
24 44 0.000669
25 44 0.000676
26 44 0.000681
27 44 0.000682
28 44 0.000679
29 44 0.000673
30 44 0.000664
31 44 0.000651
32 44 0.000635
33 44 0.000615
34 44 0.000592
35 44 0.000565
36 44 0.000534
37 44 0.000501
38 44 0.000464
39 44 0.000424
40 44 0.000382
41 44 0.000338
42 44 0.000293
43 44 0.000246
44 44 0.000200
45 44 0.000155
46 44 0.000113
47 44 0.000075
48 44 0.000042
49 44 0.000018
50 44 0.000004
1 45 0.000003
2 45 0.000012
3 45 0.000029
4 45 0.000051
5 45 0.000079
6 45 0.000110
7 45 0.000144
8 45 0.000180
9 45 0.000217
10 45 0.000255
11 45 0.000293
12 45 0.000329
13 45 0.000365
14 45 0.000400
15 45 0.000433
16 45 0.000464
17 45 0.000493
18 45 0.000519
19 45 0.000543
20 45 0.000565
21 45 0.000583
22 45 0.000600
23 45 0.000613
24 45 0.000623
25 45 0.000631
26 45 0.000635
27 45 0.000637
28 45 0.000635
29 45 0.000630
30 45 0.000622
31 45 0.000611
32 45 0.000596
33 45 0.000579
34 45 0.000557
35 45 0.000533
36 45 0.000505
37 45 0.000474
38 45 0.000440
39 45 0.000404
40 45 0.000364
41 45 0.000323
42 45 0.000280
43 45 0.000237
44 45 0.000193
45 45 0.000150
46 45 0.000109
47 45 0.000073
48 45 0.000041
49 45 0.000017
50 45 0.000004
1 46 0.000002
2 46 0.000011
3 46 0.000025
4 46 0.000046
5 46 0.000070
6 46 0.000098
7 46 0.000129
8 46 0.000161
9 46 0.000195
10 46 0.000228
11 46 0.000262
12 46 0.000295
13 46 0.000328
14 46 0.000359
15 46 0.000388
16 46 0.000416
17 46 0.000442
18 46 0.000466
19 46 0.000487
20 46 0.000507
21 46 0.000524
22 46 0.000538
23 46 0.000551
24 46 0.000560
25 46 0.000567
26 46 0.000572
27 46 0.000573
28 46 0.000573
29 46 0.000569
30 46 0.000562
31 46 0.000553
32 46 0.000540
33 46 0.000525
34 46 0.000507
35 46 0.000485
36 46 0.000461
37 46 0.000434
38 46 0.000404
39 46 0.000371
40 46 0.000335
41 46 0.000298
42 46 0.000259
43 46 0.000219
44 46 0.000179
45 46 0.000140
46 46 0.000102
47 46 0.000068
48 46 0.000039
49 46 0.000016
50 46 0.000004
1 47 0.000002
2 47 0.000009
3 47 0.000021
4 47 0.000038
5 47 0.000059
6 47 0.000083
7 47 0.000109
8 47 0.000137
9 47 0.000165
10 47 0.000194
11 47 0.000223
12 47 0.000252
13 47 0.000279
14 47 0.000306
15 47 0.000331
16 47 0.000354
17 47 0.000376
18 47 0.000397
19 47 0.000415
20 47 0.000432
21 47 0.000446
22 47 0.000459
23 47 0.000469
24 47 0.000478
25 47 0.000484
26 47 0.000488
27 47 0.000490
28 47 0.000490
29 47 0.000487
30 47 0.000482
31 47 0.000475
32 47 0.000465
33 47 0.000452
34 47 0.000437
35 47 0.000420
36 47 0.000399
37 47 0.000376
38 47 0.000351
39 47 0.000323
40 47 0.000293
41 47 0.000261
42 47 0.000228
43 47 0.000193
44 47 0.000158
45 47 0.000124
46 47 0.000091
47 47 0.000060
48 47 0.000034
49 47 0.000015
50 47 0.000003
1 48 0.000001
2 48 0.000006
3 48 0.000016
4 48 0.000029
5 48 0.000045
6 48 0.000064
7 48 0.000085
8 48 0.000106
9 48 0.000129
10 48 0.000152
11 48 0.000174
12 48 0.000197
13 48 0.000218
14 48 0.000239
15 48 0.000258
16 48 0.000277
17 48 0.000294
18 48 0.000310
19 48 0.000324
20 48 0.000337
21 48 0.000349
22 48 0.000359
23 48 0.000367
24 48 0.000374
25 48 0.000379
26 48 0.000383
27 48 0.000384
28 48 0.000384
29 48 0.000383
30 48 0.000379
31 48 0.000374
32 48 0.000367
33 48 0.000358
34 48 0.000346
35 48 0.000333
36 48 0.000317
37 48 0.000300
38 48 0.000280
39 48 0.000259
40 48 0.000235
41 48 0.000210
42 48 0.000184
43 48 0.000156
44 48 0.000128
45 48 0.000100
46 48 0.000073
47 48 0.000049
48 48 0.000028
49 48 0.000012
50 48 0.000003
1 49 0.000001
2 49 0.000003
3 49 0.000009
4 49 0.000018
5 49 0.000029
6 49 0.000041
7 49 0.000055
8 49 0.000069
9 49 0.000084
10 49 0.000100
11 49 0.000115
12 49 0.000129
13 49 0.000144
14 49 0.000157
15 49 0.000170
16 49 0.000182
17 49 0.000193
18 49 0.000204
19 49 0.000213
20 49 0.000222
21 49 0.000229
22 49 0.000236
23 49 0.000241
24 49 0.000246
25 49 0.000250
26 49 0.000252
27 49 0.000253
28 49 0.000254
29 49 0.000253
30 49 0.000251
31 49 0.000248
32 49 0.000243
33 49 0.000238
34 49 0.0000227
35 49 0.000218
36 49 0.000207
37 49 0.000195
38 49 0.000182
39 49 0.000167
40 49 0.000152
41 49 0.000135
42 49 0.000118
43 49 0.000100
44 49 0.000081
45 49 0.000063
46 49 0.000046
47 49 0.000030
48 49 0.000017
49 49 0.000007
50 49 0.000001
1 50 0.000000
2 50 0.000001
3 50 0.000003
4 50 0.000007
5 50 0.000012
6 50 0.000017
7 50 0.000023
8 50 0.000029
9 50 0.000035
10 50 0.000041
11 50 0.000047
12 50 0.000052
13 50 0.000058
14 50 0.000063
15 50 0.000068
16 50 0.000072
17 50 0.000076
18 50 0.000080
19 50 0.000083
20 50 0.000086
21 50 0.000089
22 50 0.000091
23 50 0.000093
24 50 0.000094
25 50 0.000095
26 50 0.000096
27 50 0.000096
28 50 0.000096
29 50 0.000095
30 50 0.000094
31 50 0.000093
32 50 0.000091
33 50 0.000088
34 50 0.000086
35 50 0.000082
36 50 0.000079
37 50 0.000074
38 50 0.000069
39 50 0.000064
40 50 0.000058
41 50 0.000052
42 50 0.000045
43 50 0.000039
44 50 0.000031
45 50 0.000024
46 50 0.000017
47 50 0.000011
48 50 0.000006
49 50 0.000002
50 50 0.000000
