1 1 0.000000
2 1 0.000002
3 1 0.000003
4 1 0.000003
5 1 0.000004
6 1 0.000004
7 1 0.000004
8 1 0.000004
9 1 0.000003
10 1 0.000003
11 1 0.000003
12 1 0.000003
13 1 0.000002
14 1 0.000002
15 1 0.000002
16 1 0.000002
17 1 0.000001
18 1 0.000001
19 1 0.000001
20 1 0.000001
21 1 0.000000
22 1 0.000000
23 1 -0.000000
24 1 -0.000000
25 1 -0.000000
26 1 -0.000001
27 1 -0.000001
28 1 -0.000001
29 1 -0.000001
30 1 -0.000001
31 1 -0.000001
32 1 -0.000002
33 1 -0.000002
34 1 -0.000002
35 1 -0.000002
36 1 -0.000002
37 1 -0.000002
38 1 -0.000003
39 1 -0.000003
40 1 -0.000003
41 1 -0.000003
42 1 -0.000003
43 1 -0.000003
44 1 -0.000003
45 1 -0.000003
46 1 -0.000002
47 1 -0.000002
48 1 -0.000001
49 1 -0.000001
50 1 0.000000
1 2 0.000002
2 2 0.000008
3 2 0.000012
4 2 0.000014
5 2 0.000016
6 2 0.000017
7 2 0.000017
8 2 0.000017
9 2 0.000016
10 2 0.000015
11 2 0.000014
12 2 0.000013
13 2 0.000012
14 2 0.000010
15 2 0.000009
16 2 0.000008
17 2 0.000007
18 2 0.000005
19 2 0.000004
20 2 0.000003
21 2 0.000002
22 2 0.000001
23 2 0.000000
24 2 -0.000001
25 2 -0.000002
26 2 -0.000003
27 2 -0.000004
28 2 -0.000004
29 2 -0.000005
30 2 -0.000006
31 2 -0.000007
32 2 -0.000008
33 2 -0.000009
34 2 -0.000009
35 2 -0.000010
36 2 -0.000011
37 2 -0.000012
38 2 -0.000012
39 2 -0.000013
40 2 -0.000013
41 2 -0.000013
42 2 -0.000013
43 2 -0.000013
44 2 -0.000013
45 2 -0.000012
46 2 -0.000010
47 2 -0.000009
48 2 -0.000006
49 2 -0.000003
50 2 -0.000001
1 3 0.000007
2 3 0.000018
3 3 0.000028
4 3 0.000034
5 3 0.000038
6 3 0.000040
7 3 0.000041
8 3 0.000040
9 3 0.000039
10 3 0.000037
11 3 0.000034
12 3 0.000031
13 3 0.000029
14 3 0.000026
15 3 0.000022
16 3 0.000019
17 3 0.000017
18 3 0.000014
19 3 0.000011
20 3 0.000008
21 3 0.000006
22 3 0.000003
23 3 0.000001
24 3 -0.000002
25 3 -0.000004
26 3 -0.000006
27 3 -0.000009
28 3 -0.000011
29 3 -0.000013
30 3 -0.000015
31 3 -0.000017
32 3 -0.000019
33 3 -0.000021
34 3 -0.000023
35 3 -0.000025
36 3 -0.000027
37 3 -0.000028
38 3 -0.000030
39 3 -0.000031
40 3 -0.000032
41 3 -0.000032
42 3 -0.000032
43 3 -0.000032
44 3 -0.000030
45 3 -0.000028
46 3 -0.000025
47 3 -0.000021
48 3 -0.000016
49 3 -0.000009
50 3 -0.000003
1 4 0.000013
2 4 0.000033
3 4 0.000049
4 4 0.000060
5 4 0.000067
6 4 0.000071
7 4 0.000072
8 4 0.000072
9 4 0.000069
10 4 0.000066
11 4 0.000062
12 4 0.000057
13 4 0.000052
14 4 0.000047
15 4 0.000042
16 4 0.000036
17 4 0.000031
18 4 0.000026
19 4 0.000021
20 4 0.000016
21 4 0.000011
22 4 0.000006
23 4 0.000002
24 4 -0.000003
25 4 -0.000007
26 4 -0.000011
27 4 -0.000015
28 4 -0.000019
29 4 -0.000023
30 4 -0.000027
31 4 -0.000031
32 4 -0.000035
33 4 -0.000038
34 4 -0.000042
35 4 -0.000045
36 4 -0.000048
37 4 -0.000051
38 4 -0.000054
39 4 -0.000056
40 4 -0.000057
41 4 -0.000058
42 4 -0.000058
43 4 -0.000057
44 4 -0.000055
45 4 -0.000051
46 4 -0.000045
47 4 -0.000038
48 4 -0.000029
49 4 -0.000018
50 4 -0.000006
1 5 0.000019
2 5 0.000050
3 5 0.000074
4 5 0.000090
5 5 0.000101
6 5 0.000107
7 5 0.000110
8 5 0.000109
9 5 0.000106
10 5 0.000102
11 5 0.000096
12 5 0.000089
13 5 0.000081
14 5 0.000073
15 5 0.000065
16 5 0.000057
17 5 0.000049
18 5 0.000041
19 5 0.000033
20 5 0.000025
21 5 0.000018
22 5 0.000011
23 5 0.000004
24 5 -0.000003
25 5 -0.000010
26 5 -0.000017
27 5 -0.000023
28 5 -0.000030
29 5 -0.000036
30 5 -0.000042
31 5 -0.000048
32 5 -0.000054
33 5 -0.000060
34 5 -0.000065
35 5 -0.000070
36 5 -0.000075
37 5 -0.000079
38 5 -0.000083
39 5 -0.000086
40 5 -0.000089
41 5 -0.000090
42 5 -0.000089
43 5 -0.000088
44 5 -0.000084
45 5 -0.000078
46 5 -0.000070
47 5 -0.000059
48 5 -0.000045
49 5 -0.000029
50 5 -0.000010
1 6 0.000027
2 6 0.000069
3 6 0.000101
4 6 0.000124
5 6 0.000139
6 6 0.000148
7 6 0.000152
8 6 0.000151
9 6 0.000148
10 6 0.000142
11 6 0.000134
12 6 0.000125
13 6 0.000115
14 6 0.000104
15 6 0.000093
16 6 0.000082
17 6 0.000070
18 6 0.000059
19 6 0.000048
20 6 0.000037
21 6 0.000027
22 6 0.000016
23 6 0.000006
24 6 -0.000003
25 6 -0.000013
26 6 -0.000023
27 6 -0.000032
28 6 -0.000041
29 6 -0.000050
30 6 -0.000059
31 6 -0.000067
32 6 -0.000075
33 6 -0.000084
34 6 -0.000091
35 6 -0.000099
36 6 -0.000105
37 6 -0.000111
38 6 -0.000117
39 6 -0.000121
40 6 -0.000124
41 6 -0.000125
42 6 -0.000125
43 6 -0.000122
44 6 -0.000117
45 6 -0.000109
46 6 -0.000098
47 6 -0.000083
48 6 -0.000064
49 6 -0.000041
50 6 -0.000015
1 7 0.000035
2 7 0.000089
3 7 0.000129
4 7 0.000159
5 7 0.000179
6 7 0.000191
7 7 0.000196
8 7 0.000197
9 7 0.000193
10 7 0.000185
11 7 0.000176
12 7 0.000164
13 7 0.000152
14 7 0.000138
15 7 0.000124
16 7 0.000109
17 7 0.000094
18 7 0.000080
19 7 0.000065
20 7 0.000051
21 7 0.000037
22 7 0.000023
23 7 0.000010
24 7 -0.000003
25 7 -0.000016
26 7 -0.000029
27 7 -0.000041
28 7 -0.000053
29 7 -0.000065
30 7 -0.000077
31 7 -0.000088
32 7 -0.000099
33 7 -0.000110
34 7 -0.000120
35 7 -0.000130
36 7 -0.000139
37 7 -0.000147
38 7 -0.000153
39 7 -0.000159
40 7 -0.000163
41 7 -0.000165
42 7 -0.000164
43 7 -0.000161
44 7 -0.000154
45 7 -0.000144
46 7 -0.000129
47 7 -0.000110
48 7 -0.000085
49 7 -0.000055
50 7 -0.000020
1 8 0.000043
2 8 0.000109
3 8 0.000159
4 8 0.000195
5 8 0.000220
6 8 0.000235
7 8 0.000243
8 8 0.000244
9 8 0.000239
10 8 0.000231
11 8 0.000220
12 8 0.000206
13 8 0.000191
14 8 0.000174
15 8 0.000157
16 8 0.000139
17 8 0.000120
18 8 0.000102
19 8 0.000084
20 8 0.000066
21 8 0.000049
22 8 0.000032
23 8 0.000015
24 8 -0.000002
25 8 -0.000018
26 8 -0.000034
27 8 -0.000050
28 8 -0.000065
29 8 -0.000081
30 8 -0.000095
31 8 -0.000110
32 8 -0.000124
33 8 -0.000137
34 8 -0.000150
35 8 -0.000163
36 8 -0.000174
37 8 -0.000184
38 8 -0.000192
39 8 -0.000199
40 8 -0.000204
41 8 -0.000206
42 8 -0.000205
43 8 -0.000201
44 8 -0.000193
45 8 -0.000180
46 8 -0.000162
47 8 -0.000138
48 8 -0.000107
49 8 -0.000070
50 8 -0.000026
1 9 0.000050
2 9 0.000128
3 9 0.000187
4 9 0.000231
5 9 0.000261
6 9 0.000280
7 9 0.000290
8 9 0.000292
9 9 0.000287
10 9 0.000278
11 9 0.000265
12 9 0.000250
13 9 0.000232
14 9 0.000212
15 9 0.000191
16 9 0.000170
17 9 0.000148
18 9 0.000126
19 9 0.000105
20 9 0.000083
21 9 0.000062
22 9 0.000041
23 9 0.000020
24 9 -0.000000
25 9 -0.000020
26 9 -0.000040
27 9 -0.000059
28 9 -0.000078
29 9 -0.000096
30 9 -0.000115
31 9 -0.000132
32 9 -0.000149
33 9 -0.000166
34 9 -0.000182
35 9 -0.000197
36 9 -0.000210
37 9 -0.000222
38 9 -0.000233
39 9 -0.000241
40 9 -0.000247
41 9 -0.000249
42 9 -0.000248
43 9 -0.000243
44 9 -0.000233
45 9 -0.000217
46 9 -0.000196
47 9 -0.000167
48 9 -0.000131
49 9 -0.000086
50 9 -0.000032
1 10 0.000057
2 10 0.000147
3 10 0.000216
4 10 0.000266
5 10 0.000302
6 10 0.000324
7 10 0.000336
8 10 0.000339
9 10 0.000335
10 10 0.000326
11 10 0.000311
12 10 0.000294
13 10 0.000273
14 10 0.000251
15 10 0.000227
16 10 0.000202
17 10 0.000177
18 10 0.000152
19 10 0.000126
20 10 0.000101
21 10 0.000075
22 10 0.000051
23 10 0.000026
24 10 0.000002
25 10 -0.000022
26 10 -0.000045
27 10 -0.000068
28 10 -0.000090
29 10 -0.000112
30 10 -0.000134
31 10 -0.000155
32 10 -0.000175
33 10 -0.000195
34 10 -0.000213
35 10 -0.000231
36 10 -0.000247
37 10 -0.000261
38 10 -0.000274
39 10 -0.000283
40 10 -0.000290
41 10 -0.000293
42 10 -0.000292
43 10 -0.000286
44 10 -0.000274
45 10 -0.000256
46 10 -0.000230
47 10 -0.000197
48 10 -0.000154
49 10 -0.000102
50 10 -0.000038
1 11 0.000064
2 11 0.000165
3 11 0.000243
4 11 0.000300
5 11 0.000341
6 11 0.000367
7 11 0.000382
8 11 0.000386
9 11 0.000383
10 11 0.000373
11 11 0.000357
12 11 0.000338
13 11 0.000315
14 11 0.000290
15 11 0.000263
16 11 0.000235
17 11 0.000206
18 11 0.000177
19 11 0.000148
20 11 0.000119
21 11 0.000090
22 11 0.000061
23 11 0.000033
24 11 0.000005
25 11 -0.000022
26 11 -0.000049
27 11 -0.000076
28 11 -0.000102
29 11 -0.000128
30 11 -0.000153
31 11 -0.000177
32 11 -0.000201
33 11 -0.000223
34 11 -0.000245
35 11 -0.000265
36 11 -0.000284
37 11 -0.000301
38 11 -0.000315
39 11 -0.000326
40 11 -0.000334
41 11 -0.000337
42 11 -0.000336
43 11 -0.000329
44 11 -0.000315
45 11 -0.000295
46 11 -0.000265
47 11 -0.000227
48 11 -0.000178
49 11 -0.000117
50 11 -0.000044
1 12 0.000071
2 12 0.000182
3 12 0.000268
4 12 0.000333
5 12 0.000378
6 12 0.000409
7 12 0.000426
8 12 0.000432
9 12 0.000429
10 12 0.000418
11 12 0.000402
12 12 0.000381
13 12 0.000356
14 12 0.000329
15 12 0.000299
16 12 0.000268
17 12 0.000236
18 12 0.000203
19 12 0.000171
20 12 0.000138
21 12 0.000105
22 12 0.000073
23 12 0.000041
24 12 0.000009
25 12 -0.000022
26 12 -0.000053
27 12 -0.000083
28 12 -0.000113
29 12 -0.000142
30 12 -0.000171
31 12 -0.000199
32 12 -0.000226
33 12 -0.000251
34 12 -0.000276
35 12 -0.000299
36 12 -0.000320
37 12 -0.000339
38 12 -0.000355
39 12 -0.000368
40 12 -0.000377
41 12 -0.000381
42 12 -0.000379
43 12 -0.000371
44 12 -0.000356
45 12 -0.000333
46 12 -0.000300
47 12 -0.000257
48 12 -0.000202
49 12 -0.000133
50 12 -0.000050
1 13 0.000076
2 13 0.000198
3 13 0.000292
4 13 0.000363
5 13 0.000414
6 13 0.000448
7 13 0.000468
8 13 0.000475
9 13 0.000473
10 13 0.000462
11 13 0.000445
12 13 0.000423
13 13 0.000396
14 13 0.000366
15 13 0.000334
16 13 0.000300
17 13 0.000265
18 13 0.000229
19 13 0.000193
20 13 0.000157
21 13 0.000121
22 13 0.000085
23 13 0.000049
24 13 0.000014
25 13 -0.000021
26 13 -0.000056
27 13 -0.000090
28 13 -0.000123
29 13 -0.000156
30 13 -0.000188
31 13 -0.000219
32 13 -0.000249
33 13 -0.000278
34 13 -0.000306
35 13 -0.000332
36 13 -0.000356
37 13 -0.000377
38 13 -0.000395
39 13 -0.000409
40 13 -0.000419
41 13 -0.000423
42 13 -0.000422
43 13 -0.000413
44 13 -0.000396
45 13 -0.000371
46 13 -0.000334
47 13 -0.000286
48 13 -0.000225
49 13 -0.000148
50 13 -0.000056
1 14 0.000082
2 14 0.000212
3 14 0.000314
4 14 0.000391
5 14 0.000447
6 14 0.000484
7 14 0.000507
8 14 0.000516
9 14 0.000515
10 14 0.000504
11 14 0.000486
12 14 0.000463
13 14 0.000435
14 14 0.000403
15 14 0.000368
16 14 0.000332
17 14 0.000294
18 14 0.000255
19 14 0.000216
20 14 0.000176
21 14 0.000136
22 14 0.000097
23 14 0.000058
24 14 0.000019
25 14 -0.000020
26 14 -0.000058
27 14 -0.000095
28 14 -0.000132
29 14 -0.000168
30 14 -0.000204
31 14 -0.000238
32 14 -0.000272
33 14 -0.000304
34 14 -0.000335
35 14 -0.000363
36 14 -0.000390
37 14 -0.000413
38 14 -0.000433
39 14 -0.000449
40 14 -0.000459
41 14 -0.000464
42 14 -0.000463
43 14 -0.000454
44 14 -0.000435
45 14 -0.000407
46 14 -0.000367
47 14 -0.000314
48 14 -0.000247
49 14 -0.000163
50 14 -0.000061
1 15 0.000086
2 15 0.000225
3 15 0.000334
4 15 0.000416
5 15 0.000477
6 15 0.000518
7 15 0.000543
8 15 0.000554
9 15 0.000554
10 15 0.000543
11 15 0.000525
12 15 0.000501
13 15 0.000471
14 15 0.000438
15 15 0.000401
16 15 0.000362
17 15 0.000322
18 15 0.000280
19 15 0.000238
20 15 0.000195
21 15 0.000152
22 15 0.000109
23 15 0.000067
24 15 0.000024
25 15 -0.000018
26 15 -0.000059
27 15 -0.000100
28 15 -0.000140
29 15 -0.000180
30 15 -0.000219
31 15 -0.000256
32 15 -0.000293
33 15 -0.000328
34 15 -0.000362
35 15 -0.000393
36 15 -0.000422
37 15 -0.000447
38 15 -0.000469
39 15 -0.000486
40 15 -0.000498
41 15 -0.000504
42 15 -0.000502
43 15 -0.000492
44 15 -0.000473
45 15 -0.000442
46 15 -0.000399
47 15 -0.000342
48 15 -0.000268
49 15 -0.000177
50 15 -0.000066
1 16 0.000091
2 16 0.000236
3 16 0.000351
4 16 0.000439
5 16 0.000504
6 16 0.000549
7 16 0.000576
8 16 0.000589
9 16 0.000589
10 16 0.000580
11 16 0.000561
12 16 0.000536
13 16 0.000506
14 16 0.000470
15 16 0.000432
16 16 0.000391
17 16 0.000348
18 16 0.000304
19 16 0.000259
20 16 0.000213
21 16 0.000167
22 16 0.000121
23 16 0.000076
24 16 0.000030
25 16 -0.000015
26 16 -0.000059
27 16 -0.000104
28 16 -0.000147
29 16 -0.000190
30 16 -0.000232
31 16 -0.000273
32 16 -0.000312
33 16 -0.000350
34 16 -0.000387
35 16 -0.000420
36 16 -0.000451
37 16 -0.000479
38 16 -0.000503
39 16 -0.000522
40 16 -0.000535
41 16 -0.000541
42 16 -0.000540
43 16 -0.000529
44 16 -0.000508
45 16 -0.000475
46 16 -0.000429
47 16 -0.000367
48 16 -0.000289
49 16 -0.000191
50 16 -0.000072
1 17 0.000094
2 17 0.000246
3 17 0.000367
4 17 0.000459
5 17 0.000528
6 17 0.000576
7 17 0.000606
8 17 0.000620
9 17 0.000622
10 17 0.000612
11 17 0.000594
12 17 0.000569
13 17 0.000537
14 17 0.000501
15 17 0.000461
16 17 0.000418
17 17 0.000373
18 17 0.000326
19 17 0.000279
20 17 0.000231
21 17 0.000182
22 17 0.000134
23 17 0.000085
24 17 0.000037
25 17 -0.000011
26 17 -0.000059
27 17 -0.000106
28 17 -0.000153
29 17 -0.000198
30 17 -0.000243
31 17 -0.000287
32 17 -0.000330
33 17 -0.000370
34 17 -0.000409
35 17 -0.000446
36 17 -0.000479
37 17 -0.000509
38 17 -0.000534
39 17 -0.000554
40 17 -0.000569
41 17 -0.000576
42 17 -0.000574
43 17 -0.000563
44 17 -0.000541
45 17 -0.000506
46 17 -0.000457
47 17 -0.000392
48 17 -0.000308
49 17 -0.000204
50 17 -0.000076
1 18 0.000097
2 18 0.000255
3 18 0.000380
4 18 0.000477
5 18 0.000549
6 18 0.000599
7 18 0.000631
8 18 0.000648
9 18 0.000650
10 18 0.000642
11 18 0.000624
12 18 0.000598
13 18 0.000566
14 18 0.000528
15 18 0.000487
16 18 0.000443
17 18 0.000396
18 18 0.000348
19 18 0.000298
20 18 0.000247
21 18 0.000196
22 18 0.000145
23 18 0.000094
24 18 0.000043
25 18 -0.000008
26 18 -0.000058
27 18 -0.000108
28 18 -0.000157
29 18 -0.000206
30 18 -0.000253
31 18 -0.000300
32 18 -0.000345
33 18 -0.000388
34 18 -0.000429
35 18 -0.000468
36 18 -0.000504
37 18 -0.000536
38 18 -0.000563
39 18 -0.000584
40 18 -0.000600
41 18 -0.000607
42 18 -0.000606
43 18 -0.000595
44 18 -0.000572
45 18 -0.000535
46 18 -0.000483
47 18 -0.000414
48 18 -0.000326
49 18 -0.000215
50 18 -0.000081
1 19 0.000100
2 19 0.000262
3 19 0.000391
4 19 0.000491
5 19 0.000566
6 19 0.000620
7 19 0.000654
8 19 0.000671
9 19 0.000675
10 19 0.000667
11 19 0.000650
12 19 0.000624
13 19 0.000591
14 19 0.000553
15 19 0.000511
16 19 0.000465
17 19 0.000417
18 19 0.000367
19 19 0.000315
20 19 0.000263
21 19 0.000210
22 19 0.000157
23 19 0.000103
24 19 0.000050
25 19 -0.000003
26 19 -0.000056
27 19 -0.000108
28 19 -0.000160
29 19 -0.000211
30 19 -0.000261
31 19 -0.000310
32 19 -0.000358
33 19 -0.000404
34 19 -0.000447
35 19 -0.000488
36 19 -0.000526
37 19 -0.000559
38 19 -0.000588
39 19 -0.000611
40 19 -0.000628
41 19 -0.000636
42 19 -0.000635
43 19 -0.000624
44 19 -0.000600
45 19 -0.000562
46 19 -0.000508
47 19 -0.000435
48 19 -0.000342
49 19 -0.000226
50 19 -0.000085
1 20 0.000101
2 20 0.000267
3 20 0.000400
4 20 0.000503
5 20 0.000581
6 20 0.000636
7 20 0.000672
8 20 0.000691
9 20 0.000696
10 20 0.000689
11 20 0.000672
12 20 0.000646
13 20 0.000613
14 20 0.000575
15 20 0.000532
16 20 0.000485
17 20 0.000436
18 20 0.000384
19 20 0.000331
20 20 0.000277
21 20 0.000223
22 20 0.000167
23 20 0.000112
24 20 0.000057
25 20 0.000001
26 20 -0.000054
27 20 -0.000108
28 20 -0.000162
29 20 -0.000215
30 20 -0.000268
31 20 -0.000319
32 20 -0.000368
33 20 -0.000416
34 20 -0.000462
35 20 -0.000505
36 20 -0.000545
37 20 -0.000580
38 20 -0.000611
39 20 -0.000635
40 20 -0.000653
41 20 -0.000662
42 20 -0.000661
43 20 -0.000650
44 20 -0.000625
45 20 -0.000586
46 20 -0.000529
47 20 -0.000454
48 20 -0.000357
49 20 -0.000236
50 20 -0.000089
1 21 0.000103
2 21 0.000271
3 21 0.000406
4 21 0.000512
5 21 0.000592
6 21 0.000649
7 21 0.000687
8 21 0.000707
9 21 0.000713
10 21 0.000707
11 21 0.000690
12 21 0.000665
13 21 0.000632
14 21 0.000593
15 21 0.000550
16 21 0.000502
17 21 0.000452
18 21 0.000400
19 21 0.000346
20 21 0.000290
21 21 0.000234
22 21 0.000177
23 21 0.000120
24 21 0.000063
25 21 0.000006
26 21 -0.000050
27 21 -0.000107
28 21 -0.000163
29 21 -0.000218
30 21 -0.000272
31 21 -0.000325
32 21 -0.000377
33 21 -0.000427
34 21 -0.000474
35 21 -0.000519
36 21 -0.000560
37 21 -0.000597
38 21 -0.000629
39 21 -0.000655
40 21 -0.000674
41 21 -0.000684
42 21 -0.000684
43 21 -0.000672
44 21 -0.000647
45 21 -0.000606
46 21 -0.000548
47 21 -0.000471
48 21 -0.000370
49 21 -0.000245
50 21 -0.000092
1 22 0.000103
2 22 0.000273
3 22 0.000410
4 22 0.000518
5 22 0.000599
6 22 0.000658
7 22 0.000697
8 22 0.000719
9 22 0.000726
10 22 0.000721
11 22 0.000704
12 22 0.000679
13 22 0.000647
14 22 0.000608
15 22 0.000564
16 22 0.000517
17 22 0.000466
18 22 0.000413
19 22 0.000358
20 22 0.000302
21 22 0.000244
22 22 0.000187
23 22 0.000128
24 22 0.000070
25 22 0.000012
26 22 -0.000047
27 22 -0.000104
28 22 -0.000162
29 22 -0.000219
30 22 -0.000275
31 22 -0.000329
32 22 -0.000383
33 22 -0.000434
34 22 -0.000484
35 22 -0.000530
36 22 -0.000573
37 22 -0.000611
38 22 -0.000645
39 22 -0.000672
40 22 -0.000691
41 22 -0.000702
42 22 -0.000703
43 22 -0.000691
44 22 -0.000666
45 22 -0.000624
46 22 -0.000565
47 22 -0.000485
48 22 -0.000382
49 22 -0.000253
50 22 -0.000095
1 23 0.000104
2 23 0.000274
3 23 0.000412
4 23 0.000521
5 23 0.000604
6 23 0.000664
7 23 0.000704
8 23 0.000727
9 23 0.000735
10 23 0.000730
11 23 0.000715
12 23 0.000690
13 23 0.000658
14 23 0.000619
15 23 0.000576
16 23 0.000528
17 23 0.000477
18 23 0.000424
19 23 0.000368
20 23 0.000311
21 23 0.000253
22 23 0.000195
23 23 0.000136
24 23 0.000076
25 23 0.000017
26 23 -0.000042
27 23 -0.000101
28 23 -0.000160
29 23 -0.000218
30 23 -0.000275
31 23 -0.000332
32 23 -0.000386
33 23 -0.000439
34 23 -0.000490
35 23 -0.000538
36 23 -0.000582
37 23 -0.000622
38 23 -0.000656
39 23 -0.000685
40 23 -0.000705
41 23 -0.000717
42 23 -0.000718
43 23 -0.000707
44 23 -0.000681
45 23 -0.000639
46 23 -0.000579
47 23 -0.000497
48 23 -0.000392
49 23 -0.000260
50 23 -0.000098
1 24 0.000103
2 24 0.000274
3 24 0.000412
4 24 0.000521
5 24 0.000605
6 24 0.000666
7 24 0.000707
8 24 0.000731
9 24 0.000740
10 24 0.000736
11 24 0.000721
12 24 0.000697
13 24 0.000665
14 24 0.000627
15 24 0.000584
16 24 0.000536
17 24 0.000486
18 24 0.000432
19 24 0.000376
20 24 0.000319
21 24 0.000261
22 24 0.000202
23 24 0.000142
24 24 0.000082
25 24 0.000022
26 24 -0.000038
27 24 -0.000098
28 24 -0.000157
29 24 -0.000216
30 24 -0.000274
31 24 -0.000332
32 24 -0.000387
33 24 -0.000441
34 24 -0.000493
35 24 -0.000542
36 24 -0.000588
37 24 -0.000629
38 24 -0.000664
39 24 -0.000694
40 24 -0.000715
41 24 -0.000728
42 24 -0.000729
43 24 -0.000718
44 24 -0.000693
45 24 -0.000651
46 24 -0.000590
47 24 -0.000507
48 24 -0.000400
49 24 -0.000265
50 24 -0.000100
1 25 0.000103
2 25 0.000272
3 25 0.000410
4 25 0.000519
5 25 0.000603
6 25 0.000664
7 25 0.000706
8 25 0.000731
9 25 0.000740
10 25 0.000737
11 25 0.000723
12 25 0.000700
13 25 0.000669
14 25 0.000631
15 25 0.000589
16 25 0.000542
17 25 0.000491
18 25 0.000438
19 25 0.000382
20 25 0.000325
21 25 0.000267
22 25 0.000208
23 25 0.000148
24 25 0.000088
25 25 0.000028
26 25 -0.000033
27 25 -0.000093
28 25 -0.000153
29 25 -0.000213
30 25 -0.000272
31 25 -0.000329
32 25 -0.000386
33 25 -0.000441
34 25 -0.000494
35 25 -0.000543
36 25 -0.000590
37 25 -0.000632
38 25 -0.000668
39 25 -0.000699
40 25 -0.000721
41 25 -0.000734
42 25 -0.000737
43 25 -0.000726
44 25 -0.000701
45 25 -0.000659
46 25 -0.000598
47 25 -0.000514
48 25 -0.000406
49 25 -0.000269
50 25 -0.000101
1 26 0.000101
2 26 0.000269
3 26 0.000406
4 26 0.000514
5 26 0.000598
6 26 0.000659
7 26 0.000701
8 26 0.000726
9 26 0.000737
10 26 0.000734
11 26 0.000721
12 26 0.000699
13 26 0.000668
14 26 0.000632
15 26 0.000590
16 26 0.000543
17 26 0.000494
18 26 0.000441
19 26 0.000386
20 26 0.000329
21 26 0.000272
22 26 0.000213
23 26 0.000153
24 26 0.000093
25 26 0.000033
26 26 -0.000028
27 26 -0.000088
28 26 -0.000148
29 26 -0.000208
30 26 -0.000267
31 26 -0.000325
32 26 -0.000382
33 26 -0.000438
34 26 -0.000491
35 26 -0.000542
36 26 -0.000589
37 26 -0.000631
38 26 -0.000669
39 26 -0.000700
40 26 -0.000723
41 26 -0.000737
42 26 -0.000740
43 26 -0.000731
44 26 -0.000706
45 26 -0.000664
46 26 -0.000603
47 26 -0.000519
48 26 -0.000410
49 26 -0.000272
50 26 -0.000103
1 27 0.000100
2 27 0.000265
3 27 0.000400
4 27 0.000507
5 27 0.000590
6 27 0.000651
7 27 0.000693
8 27 0.000718
9 27 0.000729
10 27 0.000728
11 27 0.000715
12 27 0.000694
13 27 0.000664
14 27 0.000629
15 27 0.000588
16 27 0.000542
17 27 0.000493
18 27 0.000441
19 27 0.000387
20 27 0.000332
21 27 0.000274
22 27 0.000216
23 27 0.000157
24 27 0.000098
25 27 0.000038
26 27 -0.000022
27 27 -0.000082
28 27 -0.000142
29 27 -0.000202
30 27 -0.000261
31 27 -0.000319
32 27 -0.000376
33 27 -0.000432
34 27 -0.000486
35 27 -0.000536
36 27 -0.000584
37 27 -0.000627
38 27 -0.000665
39 27 -0.000697
40 27 -0.000721
41 27 -0.000736
42 27 -0.000740
43 27 -0.000731
44 27 -0.000707
45 27 -0.000666
46 27 -0.000605
47 27 -0.000521
48 27 -0.000412
49 27 -0.000274
50 27 -0.000103
1 28 0.000098
2 28 0.000260
3 28 0.000392
4 28 0.000497
5 28 0.000579
6 28 0.000639
7 28 0.000681
8 28 0.000707
9 28 0.000718
10 28 0.000717
11 28 0.000705
12 28 0.000685
13 28 0.000656
14 28 0.000622
15 28 0.000582
16 28 0.000538
17 28 0.000490
18 28 0.000439
19 28 0.000386
20 28 0.000332
21 28 0.000275
22 28 0.000218
23 28 0.000160
24 28 0.000101
25 28 0.000042
26 28 -0.000017
27 28 -0.000076
28 28 -0.000136
29 28 -0.000195
30 28 -0.000253
31 28 -0.000311
32 28 -0.000368
33 28 -0.000424
34 28 -0.000477
35 28 -0.000528
36 28 -0.000576
37 28 -0.000619
38 28 -0.000658
39 28 -0.000690
40 28 -0.000715
41 28 -0.000730
42 28 -0.000735
43 28 -0.000727
44 28 -0.000704
45 28 -0.000664
46 28 -0.000604
47 28 -0.000521
48 28 -0.000412
49 28 -0.000274
50 28 -0.000104
1 29 0.000095
2 29 0.000253
3 29 0.000382
4 29 0.000485
5 29 0.000565
6 29 0.000624
7 29 0.000666
8 29 0.000691
9 29 0.000703
10 29 0.000702
11 29 0.000691
12 29 0.000672
13 29 0.000645
14 29 0.000611
15 29 0.000573
16 29 0.000530
17 29 0.000484
18 29 0.000434
19 29 0.000383
20 29 0.000329
21 29 0.000275
22 29 0.000219
23 29 0.000162
24 29 0.000104
25 29 0.000047
26 29 -0.000012
27 29 -0.000070
28 29 -0.000128
29 29 -0.000187
30 29 -0.000244
31 29 -0.000302
32 29 -0.000358
33 29 -0.000413
34 29 -0.000466
35 29 -0.000517
36 29 -0.000564
37 29 -0.000608
38 29 -0.000647
39 29 -0.000679
40 29 -0.000704
41 29 -0.000721
42 29 -0.000726
43 29 -0.000719
44 29 -0.000697
45 29 -0.000658
46 29 -0.000599
47 29 -0.000518
48 29 -0.000410
49 29 -0.000273
50 29 -0.000103
1 30 0.000092
2 30 0.000245
3 30 0.000370
4 30 0.000471
5 30 0.000548
6 30 0.000606
7 30 0.000647
8 30 0.000672
9 30 0.000684
10 30 0.000684
11 30 0.000674
12 30 0.000655
13 30 0.000629
14 30 0.000597
15 30 0.000560
16 30 0.000519
17 30 0.000474
18 30 0.000427
19 30 0.000377
20 30 0.000325
21 30 0.000272
22 30 0.000218
23 30 0.000163
24 30 0.000107
25 30 0.000050
26 30 -0.000006
27 30 -0.000063
28 30 -0.000120
29 30 -0.000177
30 30 -0.000234
31 30 -0.000290
32 30 -0.000346
33 30 -0.000400
34 30 -0.000452
35 30 -0.000502
36 30 -0.000550
37 30 -0.000593
38 30 -0.000632
39 30 -0.000665
40 30 -0.000690
41 30 -0.000707
42 30 -0.000713
43 30 -0.000707
44 30 -0.000687
45 30 -0.000649
46 30 -0.000592
47 30 -0.000512
48 30 -0.000406
49 30 -0.000271
50 30 -0.000103
1 31 0.000089
2 31 0.000236
3 31 0.000357
4 31 0.000454
5 31 0.000529
6 31 0.000586
7 31 0.000625
8 31 0.000650
9 31 0.000661
10 31 0.000662
11 31 0.000653
12 31 0.000635
13 31 0.000611
14 31 0.000580
15 31 0.000545
16 31 0.000505
17 31 0.000462
18 31 0.000416
19 31 0.000368
20 31 0.000319
21 31 0.000268
22 31 0.000215
23 31 0.000162
24 31 0.000108
25 31 0.000054
26 31 -0.000001
27 31 -0.000057
28 31 -0.000112
29 31 -0.000167
30 31 -0.000223
31 31 -0.000277
32 31 -0.000331
33 31 -0.000384
34 31 -0.000436
35 31 -0.000485
36 31 -0.000532
37 31 -0.000575
38 31 -0.000613
39 31 -0.000646
40 31 -0.000672
41 31 -0.000689
42 31 -0.000696
43 31 -0.000691
44 31 -0.000672
45 31 -0.000636
46 31 -0.000581
47 31 -0.000503
48 31 -0.000400
49 31 -0.000267
50 31 -0.000101
1 32 0.000085
2 32 0.000226
3 32 0.000342
4 32 0.000435
5 32 0.000508
6 32 0.000562
7 32 0.000600
8 32 0.000624
9 32 0.000635
10 32 0.000636
11 32 0.000628
12 32 0.000611
13 32 0.000588
14 32 0.000559
15 32 0.000526
16 32 0.000488
17 32 0.000447
18 32 0.000404
19 32 0.000358
20 32 0.000310
21 32 0.000261
22 32 0.000211
23 32 0.000160
24 32 0.000108
25 32 0.000056
26 32 0.000003
27 32 -0.000050
28 32 -0.000103
29 32 -0.000157
30 32 -0.000210
31 32 -0.000263
32 32 -0.000315
33 32 -0.000367
34 32 -0.000417
35 32 -0.000465
36 32 -0.000511
37 32 -0.000553
38 32 -0.000591
39 32 -0.000624
40 32 -0.000650
41 32 -0.000667
42 32 -0.000675
43 32 -0.000671
44 32 -0.000654
45 32 -0.000620
46 32 -0.000566
47 32 -0.000491
48 32 -0.000391
49 32 -0.000262
50 32 -0.000100
1 33 0.000081
2 33 0.000215
3 33 0.000326
4 33 0.000414
5 33 0.000483
6 33 0.000535
7 33 0.000572
8 33 0.000595
9 33 0.000606
10 33 0.000607
11 33 0.000600
12 33 0.000584
13 33 0.000563
14 33 0.000536
15 33 0.000504
16 33 0.000468
17 33 0.000429
18 33 0.000388
19 33 0.000345
20 33 0.000300
21 33 0.000253
22 33 0.000206
23 33 0.000157
24 33 0.000108
25 33 0.000058
26 33 0.000008
27 33 -0.000043
28 33 -0.000094
29 33 -0.000145
30 33 -0.000196
31 33 -0.000247
32 33 -0.000298
33 33 -0.000348
34 33 -0.000396
35 33 -0.000443
36 33 -0.000487
37 33 -0.000528
38 33 -0.000566
39 33 -0.000598
40 33 -0.000624
41 33 -0.000642
42 33 -0.000650
43 33 -0.000648
44 33 -0.000631
45 33 -0.000599
46 33 -0.000549
47 33 -0.000477
48 33 -0.000380
49 33 -0.000255
50 33 -0.000097
1 34 0.000076
2 34 0.000204
3 34 0.000308
4 34 0.000392
5 34 0.000457
6 34 0.000506
7 34 0.000541
8 34 0.000563
9 34 0.000574
10 34 0.000576
11 34 0.000569
12 34 0.000554
13 34 0.000534
14 34 0.000509
15 34 0.000479
16 34 0.000446
17 34 0.000409
18 34 0.000370
19 34 0.000330
20 34 0.000287
21 34 0.000243
22 34 0.000198
23 34 0.000153
24 34 0.000106
25 34 0.000059
26 34 0.000011
27 34 -0.000037
28 34 -0.000085
29 34 -0.000134
30 34 -0.000182
31 34 -0.000231
32 34 -0.000279
33 34 -0.000326
34 34 -0.000373
35 34 -0.000418
36 34 -0.000461
37 34 -0.000501
38 34 -0.000537
39 34 -0.000569
40 34 -0.000594
41 34 -0.000612
42 34 -0.000622
43 34 -0.000620
44 34 -0.000606
45 34 -0.000576
46 34 -0.000528
47 34 -0.000459
48 34 -0.000367
49 34 -0.000246
50 34 -0.000094
1 35 0.000072
2 35 0.000191
3 35 0.000289
4 35 0.000367
5 35 0.000429
6 35 0.000475
7 35 0.000508
8 35 0.000529
9 35 0.000540
10 35 0.000541
11 35 0.000535
12 35 0.000522
13 35 0.000503
14 35 0.000479
15 35 0.000451
16 35 0.000420
17 35 0.000387
18 35 0.000350
19 35 0.000312
20 35 0.000273
21 35 0.000232
22 35 0.000190
23 35 0.000147
24 35 0.000104
25 35 0.000059
26 35 0.000015
27 35 -0.000030
28 35 -0.000076
29 35 -0.000121
30 35 -0.000167
31 35 -0.000213
32 35 -0.000259
33 35 -0.000304
34 35 -0.000348
35 35 -0.000391
36 35 -0.000432
37 35 -0.000470
38 35 -0.000506
39 35 -0.000536
40 35 -0.000561
41 35 -0.000580
42 35 -0.000589
43 35 -0.000589
44 35 -0.000576
45 35 -0.000549
46 35 -0.000504
47 35 -0.000439
48 35 -0.000351
49 35 -0.000236
50 35 -0.000091
1 36 0.000066
2 36 0.000177
3 36 0.000268
4 36 0.000342
5 36 0.000399
6 36 0.000442
7 36 0.000473
8 36 0.000492
9 36 0.000502
10 36 0.000504
11 36 0.000498
12 36 0.000486
13 36 0.000469
14 36 0.000447
15 36 0.000422
16 36 0.000393
17 36 0.000362
18 36 0.000328
19 36 0.000293
20 36 0.000256
21 36 0.000219
22 36 0.000180
23 36 0.000140
24 36 0.000100
25 36 0.000059
26 36 0.000018
27 36 -0.000024
28 36 -0.000067
29 36 -0.000109
30 36 -0.000152
31 36 -0.000195
32 36 -0.000238
33 36 -0.000280
34 36 -0.000322
35 36 -0.000362
36 36 -0.000401
37 36 -0.000438
38 36 -0.000471
39 36 -0.000501
40 36 -0.000525
41 36 -0.000543
42 36 -0.000554
43 36 -0.000554
44 36 -0.000543
45 36 -0.000518
46 36 -0.000477
47 36 -0.000416
48 36 -0.000334
49 36 -0.000225
50 36 -0.000086
1 37 0.000061
2 37 0.000163
3 37 0.000247
4 37 0.000314
5 37 0.000367
6 37 0.000407
7 37 0.000435
8 37 0.000454
9 37 0.000463
10 37 0.000464
11 37 0.000459
12 37 0.000449
13 37 0.000433
14 37 0.000413
15 37 0.000390
16 37 0.000363
17 37 0.000335
18 37 0.000304
19 37 0.000272
20 37 0.000238
21 37 0.000204
22 37 0.000168
23 37 0.000132
24 37 0.000095
25 37 0.000058
26 37 0.000020
27 37 -0.000019
28 37 -0.000058
29 37 -0.000097
30 37 -0.000136
31 37 -0.000176
32 37 -0.000216
33 37 -0.000255
34 37 -0.000294
35 37 -0.000332
36 37 -0.000368
37 37 -0.000403
38 37 -0.000435
39 37 -0.000463
40 37 -0.000486
41 37 -0.000504
42 37 -0.000515
43 37 -0.000516
44 37 -0.000507
45 37 -0.000484
46 37 -0.000447
47 37 -0.000391
48 37 -0.000314
49 37 -0.000212
50 37 -0.000082
1 38 0.000056
2 38 0.000148
3 38 0.000225
4 38 0.000286
5 38 0.000334
6 38 0.000371
7 38 0.000396
8 38 0.000413
9 38 0.000422
10 38 0.000423
11 38 0.000419
12 38 0.000409
13 38 0.000395
14 38 0.000377
15 38 0.000356
16 38 0.000332
17 38 0.000306
18 38 0.000278
19 38 0.000249
20 38 0.000219
21 38 0.000188
22 38 0.000156
23 38 0.000123
24 38 0.000090
25 38 0.000056
26 38 0.000021
27 38 -0.000014
28 38 -0.000049
29 38 -0.000085
30 38 -0.000121
31 38 -0.000157
32 38 -0.000193
33 38 -0.000229
34 38 -0.000265
35 38 -0.000300
36 38 -0.000334
37 38 -0.000366
38 38 -0.000396
39 38 -0.000423
40 38 -0.000445
41 38 -0.000462
42 38 -0.000473
43 38 -0.000475
44 38 -0.000468
45 38 -0.000448
46 38 -0.000414
47 38 -0.000363
48 38 -0.000292
49 38 -0.000198
50 38 -0.000076
1 39 0.000050
2 39 0.000133
3 39 0.000202
4 39 0.000257
5 39 0.000300
6 39 0.000333
7 39 0.000356
8 39 0.000371
9 39 0.000379
10 39 0.000381
11 39 0.000377
12 39 0.000368
13 39 0.000355
14 39 0.000339
15 39 0.000320
16 39 0.000299
17 39 0.000276
18 39 0.000251
19 39 0.000226
20 39 0.000199
21 39 0.000171
22 39 0.000142
23 39 0.000113
24 39 0.000083
25 39 0.000053
26 39 0.000022
27 39 -0.000009
28 39 -0.000041
29 39 -0.000073
30 39 -0.000105
31 39 -0.000138
32 39 -0.000171
33 39 -0.000203
34 39 -0.000236
35 39 -0.000268
36 39 -0.000299
37 39 -0.000329
38 39 -0.000356
39 39 -0.000381
40 39 -0.000402
41 39 -0.000418
42 39 -0.000429
43 39 -0.000432
44 39 -0.000426
45 39 -0.000409
46 39 -0.000378
47 39 -0.000333
48 39 -0.000268
49 39 -0.000182
50 39 -0.000071
1 40 0.000044
2 40 0.000117
3 40 0.000178
4 40 0.000227
5 40 0.000265
6 40 0.000295
7 40 0.000315
8 40 0.000329
9 40 0.000336
10 40 0.000337
11 40 0.000334
12 40 0.000326
13 40 0.000315
14 40 0.000301
15 40 0.000284
16 40 0.000265
17 40 0.000245
18 40 0.000223
19 40 0.000201
20 40 0.000177
21 40 0.000153
22 40 0.000128
23 40 0.000102
24 40 0.000076
25 40 0.000049
26 40 0.000022
27 40 -0.000005
28 40 -0.000033
29 40 -0.000061
30 40 -0.000090
31 40 -0.000119
32 40 -0.000148
33 40 -0.000177
34 40 -0.000206
35 40 -0.000235
36 40 -0.000263
37 40 -0.000290
38 40 -0.000315
39 40 -0.000338
40 40 -0.000357
41 40 -0.000373
42 40 -0.000383
43 40 -0.000386
44 40 -0.000382
45 40 -0.000367
46 40 -0.000341
47 40 -0.000300
48 40 -0.000243
49 40 -0.000165
50 40 -0.000064
1 41 0.000038
2 41 0.000102
3 41 0.000154
4 41 0.000197
5 41 0.000230
6 41 0.000256
7 41 0.000274
8 41 0.000286
9 41 0.000292
10 41 0.000293
11 41 0.000290
12 41 0.000283
13 41 0.000274
14 41 0.000261
15 41 0.000247
16 41 0.000231
17 41 0.000213
18 41 0.000195
19 41 0.000175
20 41 0.000155
21 41 0.000134
22 41 0.000112
23 41 0.000090
24 41 0.000068
25 41 0.000045
26 41 0.000022
27 41 -0.000002
28 41 -0.000026
29 41 -0.000051
30 41 -0.000075
31 41 -0.000101
32 41 -0.000126
33 41 -0.000152
34 41 -0.000177
35 41 -0.000202
36 41 -0.000227
37 41 -0.000251
38 41 -0.000273
39 41 -0.000294
40 41 -0.000311
41 41 -0.000326
42 41 -0.000335
43 41 -0.000339
44 41 -0.000336
45 41 -0.000324
46 41 -0.000302
47 41 -0.000266
48 41 -0.000216
49 41 -0.000147
50 41 -0.000057
1 42 0.000032
2 42 0.000086
3 42 0.000131
4 42 0.000167
5 42 0.000196
6 42 0.000217
7 42 0.000233
8 42 0.000243
9 42 0.000248
10 42 0.000249
11 42 0.000247
12 42 0.000241
13 42 0.000233
14 42 0.000222
15 42 0.000210
16 42 0.000197
17 42 0.000182
18 42 0.000166
19 42 0.000149
20 42 0.000132
21 42 0.000115
22 42 0.000096
23 42 0.000078
24 42 0.000059
25 42 0.000040
26 42 0.000020
27 42 0.000000
28 42 -0.000020
29 42 -0.000041
30 42 -0.000062
31 42 -0.000083
32 42 -0.000105
33 42 -0.000126
34 42 -0.000148
35 42 -0.000170
36 42 -0.000191
37 42 -0.000212
38 42 -0.000232
39 42 -0.000250
40 42 -0.000265
41 42 -0.000278
42 42 -0.000287
43 42 -0.000292
44 42 -0.000290
45 42 -0.000280
46 42 -0.000261
47 42 -0.000231
48 42 -0.000187
49 42 -0.000128
50 42 -0.000050
1 43 0.000026
2 43 0.000070
3 43 0.000107
4 43 0.000138
5 43 0.000162
6 43 0.000180
7 43 0.000193
8 43 0.000201
9 43 0.000205
10 43 0.000206
11 43 0.000204
12 43 0.000199
13 43 0.000192
14 43 0.000184
15 43 0.000174
16 43 0.000163
17 43 0.000150
18 43 0.000137
19 43 0.000124
20 43 0.000110
21 43 0.000095
22 43 0.000081
23 43 0.000065
24 43 0.000050
25 43 0.000034
26 43 0.000018
27 43 0.000002
28 43 -0.000015
29 43 -0.000032
30 43 -0.000049
31 43 -0.000066
32 43 -0.000084
33 43 -0.000102
34 43 -0.000120
35 43 -0.000139
36 43 -0.000157
37 43 -0.000174
38 43 -0.000191
39 43 -0.000206
40 43 -0.000220
41 43 -0.000231
42 43 -0.000239
43 43 -0.000244
44 43 -0.000243
45 43 -0.000235
46 43 -0.000220
47 43 -0.000195
48 43 -0.000159
49 43 -0.000109
50 43 -0.000043
1 44 0.000020
2 44 0.000055
3 44 0.000085
4 44 0.000110
5 44 0.000129
6 44 0.000144
7 44 0.000154
8 44 0.000161
9 44 0.000164
10 44 0.000165
11 44 0.000163
12 44 0.000159
13 44 0.000153
14 44 0.000147
15 44 0.000139
16 44 0.000130
17 44 0.000120
18 44 0.000110
19 44 0.000099
20 44 0.000088
21 44 0.000077
22 44 0.000065
23 44 0.000053
24 44 0.000041
25 44 0.000029
26 44 0.000016
27 44 0.000003
28 44 -0.000010
29 44 -0.000023
30 44 -0.000037
31 44 -0.000051
32 44 -0.000065
33 44 -0.000080
34 44 -0.000094
35 44 -0.000109
36 44 -0.000124
37 44 -0.000138
38 44 -0.000152
39 44 -0.000164
40 44 -0.000176
41 44 -0.000185
42 44 -0.000193
43 44 -0.000197
44 44 -0.000196
45 44 -0.000191
46 44 -0.000179
47 44 -0.000159
48 44 -0.000129
49 44 -0.000089
50 44 -0.000035
1 45 0.000015
2 45 0.000041
3 45 0.000064
4 45 0.000083
5 45 0.000098
6 45 0.000109
7 45 0.000117
8 45 0.000122
9 45 0.000125
10 45 0.000125
11 45 0.000124
12 45 0.000121
13 45 0.000117
14 45 0.000111
15 45 0.000105
16 45 0.000099
17 45 0.000091
18 45 0.000084
19 45 0.000075
20 45 0.000067
21 45 0.000059
22 45 0.000050
23 45 0.000041
24 45 0.000032
25 45 0.000023
26 45 0.000013
27 45 0.000003
28 45 -0.000006
29 45 -0.000016
30 45 -0.000027
31 45 -0.000037
32 45 -0.000048
33 45 -0.000059
34 45 -0.000070
35 45 -0.000082
36 45 -0.000093
37 45 -0.000104
38 45 -0.000115
39 45 -0.000125
40 45 -0.000134
41 45 -0.000142
42 45 -0.000148
43 45 -0.000151
44 45 -0.000152
45 45 -0.000148
46 45 -0.000139
47 45 -0.000124
48 45 -0.000101
49 45 -0.000069
50 45 -0.000027
1 46 0.000010
2 46 0.000029
3 46 0.000045
4 46 0.000059
5 46 0.000070
6 46 0.000078
7 46 0.000084
8 46 0.000088
9 46 0.000089
10 46 0.000090
11 46 0.000089
12 46 0.000086
13 46 0.000083
14 46 0.000079
15 46 0.000075
16 46 0.000070
17 46 0.000065
18 46 0.000060
19 46 0.000054
20 46 0.000048
21 46 0.000042
22 46 0.000036
23 46 0.000030
24 46 0.000023
25 46 0.000017
26 46 0.000010
27 46 0.000003
28 46 -0.000004
29 46 -0.000011
30 46 -0.000018
31 46 -0.000025
32 46 -0.000033
33 46 -0.000041
34 46 -0.000049
35 46 -0.000057
36 46 -0.000065
37 46 -0.000073
38 46 -0.000081
39 46 -0.000089
40 46 -0.000096
41 46 -0.000102
42 46 -0.000106
43 46 -0.000109
44 46 -0.000110
45 46 -0.000107
46 46 -0.000101
47 46 -0.000090
48 46 -0.000074
49 46 -0.000050
50 46 -0.000019
1 47 0.000006
2 47 0.000018
3 47 0.000029
4 47 0.000038
5 47 0.000045
6 47 0.000051
7 47 0.000055
8 47 0.000057
9 47 0.000058
10 47 0.000058
11 47 0.000057
12 47 0.000056
13 47 0.000054
14 47 0.000051
15 47 0.000048
16 47 0.000045
17 47 0.000042
18 47 0.000038
19 47 0.000035
20 47 0.000031
21 47 0.000027
22 47 0.000023
23 47 0.000019
24 47 0.000015
25 47 0.000011
26 47 0.000007
27 47 0.000003
28 47 -0.000002
29 47 -0.000006
30 47 -0.000011
31 47 -0.000016
32 47 -0.000021
33 47 -0.000026
34 47 -0.000031
35 47 -0.000036
36 47 -0.000042
37 47 -0.000047
38 47 -0.000052
39 47 -0.000057
40 47 -0.000062
41 47 -0.000066
42 47 -0.000069
43 47 -0.000072
44 47 -0.000072
45 47 -0.000071
46 47 -0.000067
47 47 -0.000060
48 47 -0.000049
49 47 -0.000033
50 47 -0.000013
1 48 0.000003
2 48 0.000009
3 48 0.000016
4 48 0.000021
5 48 0.000025
6 48 0.000028
7 48 0.000030
8 48 0.000032
9 48 0.000032
10 48 0.000032
11 48 0.000032
12 48 0.000031
13 48 0.000030
14 48 0.000028
15 48 0.000027
16 48 0.000025
17 48 0.000023
18 48 0.000021
19 48 0.000019
20 48 0.000017
21 48 0.000015
22 48 0.000013
23 48 0.000011
24 48 0.000009
25 48 0.000006
26 48 0.000004
27 48 0.000002
28 48 -0.000001
29 48 -0.000003
30 48 -0.000006
31 48 -0.000008
32 48 -0.000011
33 48 -0.000014
34 48 -0.000017
35 48 -0.000019
36 48 -0.000022
37 48 -0.000026
38 48 -0.000029
39 48 -0.000031
40 48 -0.000034
41 48 -0.000037
42 48 -0.000039
43 48 -0.000040
44 48 -0.000041
45 48 -0.000040
46 48 -0.000038
47 48 -0.000034
48 48 -0.000028
49 48 -0.000018
50 48 -0.000007
1 49 0.000001
2 49 0.000003
3 49 0.000006
4 49 0.000009
5 49 0.000010
6 49 0.000012
7 49 0.000013
8 49 0.000013
9 49 0.000013
10 49 0.000013
11 49 0.000013
12 49 0.000013
13 49 0.000012
14 49 0.000012
15 49 0.000011
16 49 0.000010
17 49 0.000009
18 49 0.000009
19 49 0.000008
20 49 0.000007
21 49 0.000006
22 49 0.000005
23 49 0.000004
24 49 0.000004
25 49 0.000003
26 49 0.000002
27 49 0.000001
28 49 -0.000000
29 49 -0.000001
30 49 -0.000002
31 49 -0.000003
32 49 -0.000004
33 49 -0.000005
34 49 -0.000007
35 49 -0.000008
36 49 -0.000009
37 49 -0.000011
38 49 -0.000012
39 49 -0.000013
40 49 -0.000014
41 49 -0.000015
42 49 -0.000016
43 49 -0.000016
44 49 -0.000016
45 49 -0.000016
46 49 -0.000015
47 49 -0.000013
48 49 -0.000011
49 49 -0.000007
50 49 -0.000002
1 50 0.000000
2 50 0.000001
3 50 0.000002
4 50 0.000002
5 50 0.000003
6 50 0.000003
7 50 0.000003
8 50 0.000003
9 50 0.000003
10 50 0.000003
11 50 0.000003
12 50 0.000003
13 50 0.000003
14 50 0.000002
15 50 0.000002
16 50 0.000002
17 50 0.000002
18 50 0.000002
19 50 0.000002
20 50 0.000001
21 50 0.000001
22 50 0.000001
23 50 0.000001
24 50 0.000001
25 50 0.000000
26 50 0.000000
27 50 0.000000
28 50 -0.000000
29 50 -0.000000
30 50 -0.000001
31 50 -0.000001
32 50 -0.000001
33 50 -0.000001
34 50 -0.000002
35 50 -0.000002
36 50 -0.000002
37 50 -0.000002
38 50 -0.000003
39 50 -0.000003
40 50 -0.000003
41 50 -0.000003
42 50 -0.000003
43 50 -0.000004
44 50 -0.000004
45 50 -0.000004
46 50 -0.000003
47 50 -0.000003
48 50 -0.000002
49 50 -0.000001
50 50 -0.000000
